1,116.31903,40.007059
2,116.319066,40.007001
3,116.319114,40.006907
29,116.318829,40.006371
31,116.318832,40.006338
32,116.318827,40.00632
34,116.318782,40.00634
35,116.318753,40.006348
36,116.318712,40.006339
37,116.318678,40.00634
39,116.318632,40.006365
40,116.318618,40.006382
42,116.318584,40.00641
43,116.318591,40.006432
45,116.318569,40.00647
51,116.318518,40.006542
52,116.318483,40.00655
53,116.318461,40.006562
56,116.318491,40.006595
60,116.31851,40.006645
63,116.318529,40.006672
477,116.319086,40.007541
482,116.319078,40.007543
525,116.319631,40.00694
526,116.31954,40.006939
542,116.319503,40.006937
543,116.319135,40.006897
547,116.319046,40.00698
554,116.319029,40.007009
555,116.318914,40.006824
564,116.318918,40.006849
565,116.31894,40.006877
568,116.31897,40.006869
569,116.318994,40.006859
571,116.319043,40.006855
572,116.31907,40.006853
574,116.31912,40.006842
575,116.319147,40.006835
577,116.319198,40.006815
578,116.319221,40.006797
579,116.319238,40.006778
580,116.319254,40.006759
581,116.319265,40.00674
582,116.319276,40.006713
583,116.319299,40.006678
584,116.31933,40.006664
585,116.319403,40.006685
586,116.319457,40.006691
587,116.319514,40.006701
588,116.319565,40.006704
589,116.319615,40.006709
590,116.319663,40.006715
591,116.319713,40.006729
592,116.319759,40.00674
593,116.319802,40.006746
594,116.319841,40.006745
595,116.319873,40.006748
596,116.319911,40.006757
597,116.31995,40.006761
598,116.319989,40.006759
599,116.320035,40.00676
600,116.320084,40.006761
601,116.320141,40.006771
602,116.320194,40.006779
603,116.320243,40.006784
604,116.320292,40.006788
605,116.320338,40.006786
606,116.320387,40.006785
607,116.320433,40.00678
608,116.320481,40.006777
609,116.320522,40.00677
610,116.320559,40.006761
611,116.320597,40.00675
612,116.32064,40.006747
613,116.32068,40.006745
614,116.320719,40.006745
615,116.320759,40.00674
616,116.320797,40.006748
617,116.320835,40.006754
618,116.320871,40.006757
619,116.32091,40.00676
620,116.320948,40.006762
621,116.320985,40.006766
623,116.321036,40.006778
624,116.321047,40.006796
627,116.321053,40.006833
628,116.321056,40.006842
631,116.321087,40.00687
632,116.321099,40.006881
652,116.321042,40.006881
653,116.321034,40.006878
660,116.321015,40.006842
661,116.321023,40.006826
663,116.321063,40.0068
673,116.320765,40.006666
674,116.320712,40.007015
676,116.320775,40.006871
677,116.320771,40.006882
679,116.320766,40.006923
687,116.320727,40.006954
688,116.320733,40.006963
691,116.320752,40.006994
692,116.320756,40.007004
712,116.320762,40.006959
713,116.320755,40.006957
723,116.320764,40.006942
757,116.320936,40.006848
758,116.320922,40.006838
759,116.32088,40.006883
761,116.320829,40.006904
762,116.320816,40.006909
764,116.320788,40.006935
765,116.320782,40.006953
767,116.320786,40.006995
768,116.320788,40.007004
773,116.320784,40.007037
774,116.320786,40.007049
835,116.320794,40.007085
836,116.320688,40.007097
837,116.320597,40.007105
838,116.320524,40.007108
839,116.320457,40.007111
840,116.32046,40.007112
841,116.320571,40.007095
843,116.320626,40.007089
860,116.320748,40.007113
862,116.320707,40.007082
864,116.320697,40.007053
874,116.32069,40.007008
875,116.320682,40.007007
892,116.320725,40.006984
893,116.320734,40.006985
898,116.320736,40.006953
899,116.320733,40.006937
903,116.320703,40.006929
912,116.320678,40.007013
915,116.320625,40.007006
916,116.32061,40.006995
918,116.320572,40.006971
919,116.320564,40.006963
922,116.320552,40.006923
923,116.320543,40.006904
943,116.320558,40.006943
944,116.320574,40.006946
973,116.320517,40.006954
974,116.320507,40.006949
981,116.320452,40.006933
982,116.320456,40.006923
988,116.320471,40.006883
989,116.320469,40.006877
1003,116.3205,40.006912
1005,116.320529,40.006905
1008,116.320576,40.006896
1009,116.320592,40.006897
1014,116.320592,40.006939
1015,116.320609,40.006951
1018,116.320632,40.006989
1019,116.320643,40.006992
1036,116.320681,40.007014
1037,116.32069,40.007018
1051,116.320677,40.006975
1052,116.320676,40.006969
1060,116.320694,40.006926
1061,116.320689,40.006924
1073,116.32068,40.006967
1074,116.320675,40.006975
1087,116.320682,40.006988
1088,116.320686,40.007027
1093,116.320687,40.006997
1104,116.320752,40.006845
1109,116.320747,40.006889
1110,116.32075,40.006896
1117,116.320768,40.006918
1118,116.320764,40.006948
1123,116.320752,40.00699
1124,116.320766,40.006997
1129,116.320751,40.007025
1130,116.320758,40.007045
1144,116.320752,40.007088
1145,116.320753,40.00709
1155,116.320752,40.007073
1156,116.320761,40.007038
1158,116.320782,40.007002
1159,116.320783,40.006995
1163,116.320804,40.006958
1164,116.320812,40.006941
1168,116.320794,40.00697
1169,116.320787,40.006982
1187,116.320764,40.006964
1188,116.320757,40.006939
1193,116.320727,40.006955
1194,116.320717,40.006982
1198,116.320693,40.007012
1199,116.320678,40.007024
1203,116.320645,40.007054
1204,116.320632,40.007054
1206,116.320591,40.007056
1207,116.32057,40.007066
1226,116.320608,40.007032
1227,116.320619,40.007031
1233,116.320666,40.007034
1234,116.320677,40.007038
1241,116.320676,40.00708
1242,116.320679,40.007091
1246,116.320686,40.007134
1247,116.320692,40.007145
1252,116.320735,40.007162
1253,116.320757,40.007168
1281,116.320748,40.007137
1282,116.320747,40.007117
1293,116.320802,40.007113
1294,116.32081,40.00712
1297,116.320841,40.007148
1298,116.320845,40.007159
1307,116.320797,40.007135
1308,116.320788,40.007125
1311,116.320774,40.007082
1312,116.320768,40.007071
1317,116.320737,40.007041
1318,116.320732,40.007029
1325,116.320776,40.007009
1326,116.320787,40.007003
1344,116.320826,40.007031
1345,116.320832,40.007036
1350,116.320875,40.007056
1351,116.320882,40.007059
1374,116.320879,40.007103
1378,116.320892,40.007111
1382,116.320896,40.007153
1383,116.32091,40.00716
1389,116.320917,40.007189
1399,116.320833,40.007153
1401,116.320822,40.007117
1402,116.320821,40.007095
1417,116.320789,40.007067
1418,116.320775,40.007044
1425,116.320726,40.007068
1426,116.32072,40.007068
1431,116.320662,40.00706
1432,116.320653,40.007054
1436,116.320622,40.007023
1437,116.320616,40.007011
1447,116.320595,40.006984
1448,116.320617,40.006962
1452,116.320647,40.006994
1453,116.320648,40.007008
1456,116.320646,40.007045
1457,116.320642,40.007057
1458,116.320638,40.007067
1461,116.320646,40.007105
1476,116.320666,40.007131
1491,116.320931,40.006944
1494,116.320959,40.00694
1495,116.321016,40.006927
1497,116.321039,40.006896
1498,116.321047,40.006888
1504,116.321071,40.006847
1505,116.321079,40.006849
1523,116.321098,40.006807
1524,116.321111,40.006798
1527,116.321155,40.006784
1528,116.321172,40.006767
1529,116.321188,40.006732
1530,116.321184,40.006698
1531,116.321175,40.006669
1532,116.32117,40.006636
1533,116.321167,40.006605
1534,116.321164,40.006573
1535,116.321161,40.006542
1536,116.321163,40.006508
1537,116.321168,40.006478
1538,116.321175,40.006443
1539,116.321177,40.00641
1540,116.321182,40.006376
1541,116.321189,40.006342
1542,116.321192,40.006308
1543,116.321189,40.006272
1544,116.321182,40.006236
1545,116.321172,40.006196
1546,116.321163,40.006155
1547,116.321163,40.006113
1548,116.321167,40.006068
1549,116.321177,40.006025
1550,116.321188,40.00598
1551,116.3212,40.005935
1552,116.321216,40.005893
1553,116.321235,40.005854
1554,116.32125,40.005818
1555,116.321265,40.005785
1556,116.321275,40.005753
1557,116.321287,40.005721
1558,116.321293,40.005691
1559,116.321293,40.005655
1560,116.321292,40.005615
1561,116.321299,40.005575
1562,116.321308,40.005537
1563,116.321317,40.005497
1564,116.321326,40.005457
1565,116.321336,40.005417
1566,116.321342,40.005378
1567,116.321353,40.005347
1568,116.321358,40.005313
1569,116.321368,40.005277
1570,116.321379,40.005237
1571,116.321384,40.005198
1572,116.321386,40.005161
1573,116.32138,40.005126
1574,116.321381,40.005095
1575,116.321385,40.005065
1576,116.321388,40.005033
1577,116.321393,40.005004
1578,116.321395,40.004971
1579,116.321401,40.00494
1580,116.321409,40.004905
1581,116.321411,40.004873
1582,116.321404,40.004836
1583,116.3214,40.004796
1584,116.321393,40.004758
1585,116.32138,40.00472
1586,116.321366,40.004681
1587,116.32136,40.004646
1588,116.321359,40.004615
1589,116.321364,40.004582
1590,116.321369,40.004549
1591,116.32137,40.004514
1592,116.321364,40.004483
1593,116.321358,40.004449
1594,116.321341,40.004416
1595,116.321338,40.004383
1596,116.321335,40.004348
1597,116.321325,40.004313
1598,116.321318,40.004275
1599,116.321307,40.004237
1600,116.32131,40.004201
1601,116.321309,40.004167
1602,116.321313,40.004127
1603,116.321319,40.00409
1604,116.321324,40.004047
1605,116.321329,40.004008
1606,116.321339,40.003963
1607,116.321352,40.003926
1608,116.321373,40.003889
1609,116.321398,40.00386
1610,116.321419,40.003832
1611,116.321443,40.003796
1612,116.321455,40.003758
1613,116.321464,40.003719
1614,116.321469,40.003679
1615,116.321472,40.003637
1616,116.321463,40.003607
1617,116.321453,40.003583
1618,116.321451,40.003559
1619,116.321451,40.003534
1620,116.321456,40.003507
1621,116.321464,40.003471
1622,116.321465,40.003434
1623,116.321469,40.003401
1624,116.321466,40.003367
1625,116.321457,40.003331
1626,116.321458,40.003301
1627,116.321463,40.003268
1628,116.321467,40.003237
1629,116.321473,40.003212
1630,116.321482,40.003186
1631,116.321489,40.003149
1632,116.321502,40.003105
1633,116.321522,40.003066
1634,116.32155,40.003022
1635,116.321559,40.002976
1636,116.321562,40.002929
1637,116.321567,40.002887
1638,116.321556,40.002839
1639,116.321554,40.002797
1640,116.321552,40.002757
1641,116.321566,40.00273
1642,116.321582,40.002704
1643,116.321587,40.00267
1644,116.32159,40.002638
1645,116.321591,40.002603
1646,116.321592,40.002571
1651,116.321592,40.002397
1652,116.321587,40.002347
1653,116.321581,40.002312
1654,116.321571,40.002268
1655,116.32156,40.002219
1656,116.321517,40.002184
1657,116.321502,40.002142
1658,116.32149,40.002105
1659,116.321485,40.002063
1660,116.321485,40.002025
1661,116.321485,40.00197
1662,116.32149,40.001931
1663,116.321484,40.001887
1664,116.321492,40.001851
1665,116.321506,40.001824
1666,116.321512,40.0018
1667,116.321514,40.001765
1668,116.321511,40.001731
1669,116.321501,40.001695
1670,116.321506,40.001659
1671,116.321502,40.001619
1672,116.321504,40.00159
1673,116.321505,40.001563
1674,116.32151,40.001531
1675,116.321533,40.001489
1676,116.321547,40.001449
1677,116.321587,40.001398
1678,116.321601,40.001358
1679,116.321603,40.001322
1680,116.321606,40.001281
1681,116.321609,40.001248
1682,116.321609,40.001205
1683,116.321605,40.001171
1684,116.321611,40.001142
1685,116.321621,40.001109
1686,116.321626,40.001074
1687,116.321632,40.00104
1688,116.321643,40.001004
1689,116.321661,40.000969
1690,116.321691,40.000942
1691,116.321705,40.00091
1692,116.321717,40.000879
1693,116.321731,40.000847
1694,116.321745,40.000815
1695,116.321754,40.000783
1696,116.321774,40.000748
1697,116.321785,40.0007
1698,116.321788,40.000662
1699,116.32179,40.00063
1700,116.321793,40.000602
1701,116.321799,40.00058
1702,116.321813,40.00056
1703,116.32182,40.000536
1704,116.321823,40.000506
1705,116.321846,40.000476
1706,116.321876,40.00045
1707,116.321908,40.000422
1708,116.321931,40.000389
1709,116.321938,40.000348
1710,116.32195,40.000322
1711,116.321948,40.000278
1712,116.321947,40.000235
1713,116.321939,40.000171
1714,116.321934,40.000122
1715,116.321939,40.000075
1716,116.321937,40.000028
1717,116.321928,39.999982
1718,116.321921,39.999944
1719,116.321921,39.999906
1720,116.321918,39.999864
1721,116.321913,39.999834
1723,116.321914,39.999791
1724,116.32192,39.999771
1726,116.321928,39.99974
1727,116.321942,39.999721
1729,116.321986,39.999694
1730,116.322011,39.999694
1731,116.322056,39.9997
1732,116.322098,39.999702
1733,116.322147,39.999705
1734,116.322197,39.999714
1735,116.322244,39.999724
1736,116.322288,39.999728
1737,116.322338,39.999742
1738,116.322377,39.999757
1739,116.322419,39.999765
1740,116.322469,39.99977
1741,116.322513,39.999762
1742,116.322544,39.99976
1743,116.322582,39.999765
1744,116.322616,39.999762
1745,116.32265,39.999756
1746,116.322682,39.999747
1747,116.322717,39.999732
1748,116.322756,39.999717
1749,116.322804,39.999704
1750,116.322847,39.999683
1751,116.322894,39.999661
1752,116.322947,39.99965
1753,116.322995,39.999637
1754,116.323045,39.999623
1755,116.323088,39.999613
1756,116.323128,39.999599
1757,116.323172,39.999588
1758,116.323221,39.999583
1759,116.323267,39.999586
1760,116.323314,39.999599
1761,116.323362,39.999621
1762,116.323406,39.999629
1763,116.323452,39.999639
1764,116.323495,39.999652
1765,116.323535,39.999665
1766,116.323579,39.999683
1767,116.323632,39.999691
1768,116.323679,39.999696
1769,116.323716,39.999707
1770,116.323749,39.999718
1771,116.323792,39.999728
1772,116.323834,39.999737
1773,116.323873,39.999745
1774,116.323912,39.999755
1775,116.323957,39.999762
1776,116.324004,39.999761
1777,116.32405,39.999765
1778,116.324097,39.999756
1779,116.324144,39.999755
1780,116.324186,39.999764
1781,116.324219,39.999774
1782,116.324256,39.999781
1783,116.324301,39.999781
1784,116.324351,39.999786
1785,116.324395,39.9998
1786,116.324436,39.999816
1787,116.324477,39.999838
1788,116.324519,39.999857
1789,116.32456,39.999868
1790,116.324593,39.999864
1791,116.324627,39.999864
1792,116.324667,39.999869
1793,116.324706,39.999869
1794,116.32475,39.999875
1795,116.324793,39.999871
1796,116.324828,39.999858
1797,116.324871,39.999852
1798,116.324913,39.999834
1799,116.324962,39.999835
1800,116.325015,39.999839
1801,116.325063,39.999831
1802,116.325118,39.999836
1803,116.325175,39.999834
1804,116.325225,39.999828
1805,116.325274,39.999818
1806,116.325319,39.999798
1807,116.325372,39.999785
1808,116.325428,39.999773
1809,116.325481,39.999763
1810,116.325541,39.999762
1811,116.325595,39.999752
1812,116.325648,39.999754
1813,116.325699,39.999752
1814,116.325752,39.999751
1815,116.325804,39.999752
1816,116.325845,39.999756
1817,116.325893,39.999756
1818,116.325944,39.999759
1819,116.325991,39.999761
1820,116.326038,39.999768
1821,116.32608,39.999753
1822,116.326112,39.99974
1823,116.326151,39.999722
1824,116.326194,39.999709
1825,116.326235,39.999697
1826,116.326271,39.999682
1827,116.326306,39.99967
1828,116.326344,39.999657
1829,116.32638,39.999648
1830,116.326414,39.999642
1831,116.326452,39.999641
1832,116.32649,39.999652
1833,116.326538,39.999729
1834,116.32657,39.999768
1835,116.326605,39.999771
1836,116.326641,39.999784
1837,116.326681,39.999796
1838,116.326717,39.999802
1839,116.326752,39.999799
1840,116.326782,39.999803
1841,116.326813,39.999811
1842,116.32684,39.999817
1843,116.326868,39.999826
1844,116.326904,39.99984
1845,116.32694,39.999856
1846,116.326979,39.999866
1847,116.327021,39.999877
1848,116.327056,39.999884
1849,116.327099,39.999896
1850,116.327128,39.999893
1851,116.32716,39.999875
1852,116.327196,39.999878
1853,116.327227,39.999881
1854,116.327254,39.999887
1855,116.327286,39.999894
1856,116.32732,39.9999
1857,116.327357,39.999903
1858,116.327397,39.999913
1859,116.327443,39.99992
1860,116.327491,39.999926
1861,116.327541,39.999933
1862,116.327591,39.999934
1863,116.327644,39.999941
1865,116.327738,39.999952
1866,116.327787,39.999953
1868,116.327871,39.999974
1869,116.327924,39.999975
1870,116.32799,39.999972
1871,116.328049,39.999968
1872,116.328087,39.999964
1873,116.328134,39.999955
1874,116.328175,39.999939
1875,116.328204,39.999922
1876,116.32824,39.999907
1877,116.328278,39.999877
1880,116.328315,39.999842
1881,116.328328,39.99983
1884,116.32834,39.999796
1885,116.328338,39.999785
1886,116.328337,39.999767
1887,116.328337,39.999739
1904,116.328286,39.999717
1905,116.328263,39.999709
1909,116.328243,39.999745
1910,116.32824,39.999751
1916,116.328277,39.999779
1917,116.328294,39.999786
1921,116.328314,39.999827
1922,116.328318,39.99984
1924,116.328315,39.999864
16397,116.320486,40.009574
16398,116.320396,40.009536
16402,116.320387,40.009527
16403,116.320334,40.009559
16407,116.320369,40.009541
16408,116.320396,40.009529
16411,116.320437,40.009509
16412,116.320461,40.009503
16414,116.32049,40.009484
16415,116.320517,40.009472
16417,116.320545,40.009441
16418,116.320556,40.009422
16420,116.320577,40.009388
16421,116.32058,40.00937
16423,116.320576,40.009334
16424,116.320578,40.00932
16426,116.320589,40.009294
16427,116.320607,40.009276
16428,116.320625,40.009257
16429,116.320648,40.009239
16430,116.320675,40.009224
16431,116.320703,40.00921
16433,116.32074,40.009181
16434,116.320764,40.009176
16436,116.320812,40.009156
16437,116.320835,40.009145
16439,116.32088,40.009121
16440,116.320906,40.009113
16441,116.320937,40.009104
16442,116.32097,40.009095
16443,116.321004,40.009083
16454,116.321147,40.008803
16456,116.321059,40.008658
16458,116.321115,40.008577
16459,116.321151,40.00856
16460,116.321162,40.008542
16462,116.321144,40.008505
16463,116.321152,40.008485
16465,116.321184,40.008467
16466,116.321207,40.008451
16467,116.321217,40.00843
16468,116.32123,40.008405
16469,116.32123,40.00838
16470,116.321228,40.008352
16471,116.32122,40.008329
16472,116.321213,40.008305
16473,116.321208,40.008281
16474,116.321196,40.00826
16476,116.321183,40.008219
16477,116.321174,40.008195
16478,116.321157,40.008174
16479,116.32115,40.008149
16480,116.321146,40.008126
16481,116.321143,40.008099
16482,116.321136,40.008074
16483,116.321126,40.00805
16486,116.321144,40.008009
16487,116.321149,40.007995
16489,116.321123,40.007962
16490,116.321098,40.007948
16492,116.321071,40.007913
16493,116.321057,40.007896
16494,116.321082,40.007875
16495,116.321104,40.007856
16497,116.321123,40.00782
16498,116.321124,40.007806
16500,116.321107,40.00778
16501,116.321102,40.007755
16502,116.321096,40.007724
16503,116.321098,40.007702
16505,116.321101,40.007665
16506,116.321106,40.007637
16507,116.321121,40.007604
16508,116.321135,40.007571
16509,116.321134,40.007543
16510,116.321138,40.007522
16512,116.321145,40.007483
16513,116.321144,40.00746
16514,116.321154,40.007429
16515,116.321157,40.007399
16516,116.321154,40.007368
16517,116.321156,40.007336
16518,116.321166,40.007302
16519,116.321182,40.007269
16520,116.321197,40.007241
16521,116.321204,40.007214
16522,116.321209,40.00719
16523,116.321205,40.007164
16524,116.321212,40.00714
16525,116.321209,40.007101
16526,116.321201,40.007063
16527,116.321189,40.007036
16569,116.321181,40.006994
16570,116.320959,40.006998
16571,116.320944,40.007016
16572,116.320928,40.007039
16573,116.320911,40.007064
16574,116.320886,40.007079
16598,116.320846,40.00709
16659,116.319632,40.007479
16660,116.320207,40.007199
16661,116.320508,40.007102
16667,116.320508,40.007102
16668,116.32094,40.006955
16691,116.320996,40.006963
16692,116.321093,40.006915
16698,116.321101,40.006884
16699,116.32112,40.006871
16701,116.32112,40.006831
16702,116.321119,40.006824
16705,116.321126,40.006786
16706,116.321136,40.006764
16712,116.321119,40.006729
16713,116.32102,40.006719
16715,116.320973,40.00672
16716,116.320948,40.006724
16717,116.320908,40.006733
16718,116.32086,40.006738
16719,116.320822,40.006735
16720,116.320797,40.006726
16721,116.320772,40.006718
16722,116.320735,40.006718
16723,116.320693,40.006722
16724,116.320644,40.006727
16725,116.3206,40.006727
16726,116.320563,40.006724
16727,116.320521,40.006726
16728,116.32047,40.006732
16729,116.320426,40.006721
16730,116.320397,40.006709
16731,116.320359,40.0067
16732,116.320319,40.006695
16733,116.320277,40.006689
16734,116.320243,40.006683
16735,116.320199,40.006679
16736,116.320154,40.006675
16737,116.320118,40.00667
16738,116.320079,40.006663
16739,116.320037,40.006657
16740,116.320007,40.006642
16741,116.319979,40.006631
16742,116.319948,40.006621
16743,116.31992,40.006611
16744,116.319889,40.006599
16745,116.319856,40.006588
16746,116.319819,40.006581
16748,116.31976,40.006578
16749,116.319735,40.006574
16750,116.319708,40.006571
16751,116.319673,40.006576
16752,116.319638,40.006585
16753,116.319599,40.006595
16754,116.319561,40.006608
16755,116.319486,40.006644
16756,116.319436,40.00667
16757,116.319388,40.006696
16758,116.31934,40.006732
16759,116.319323,40.006757
16760,116.31931,40.006779
16762,116.319289,40.006807
16763,116.319274,40.006822
16810,116.319274,40.006822
16811,116.319437,40.007025
16813,116.319476,40.007004
16814,116.319505,40.006998
16815,116.319539,40.006994
17011,116.318916,40.007458
18738,116.318453,40.007575
18861,116.319236,40.006727
18862,116.319206,40.006809
18863,116.319175,40.006872
18867,116.319156,40.006878
18868,116.319139,40.006913
18870,116.319168,40.006929
18871,116.319197,40.006907
18874,116.319244,40.006913
18877,116.319256,40.006944
18882,116.319299,40.006968
18883,116.319316,40.006962
18885,116.319329,40.006921
18886,116.319329,40.006907
18889,116.319344,40.006865
18890,116.319353,40.006848
18896,116.319385,40.006824
18897,116.319403,40.006804
18900,116.319404,40.00682
18907,116.319384,40.006755
18915,116.31939,40.006712
18916,116.319393,40.006704
18924,116.319421,40.006688
18925,116.319444,40.006681
18927,116.31944,40.006707
18950,116.319382,40.006655
18952,116.319358,40.006691
18953,116.31935,40.006702
18956,116.319323,40.006736
18957,116.319304,40.006742
18970,116.319279,40.006755
18971,116.319254,40.006786
18972,116.319242,40.006811
18973,116.319237,40.006838
18979,116.319204,40.006862
18980,116.319191,40.006896
18981,116.319177,40.006921
18982,116.319163,40.006937
18987,116.319161,40.006968
18988,116.31915,40.006997
18992,116.31919,40.006997
18996,116.319201,40.006941
18997,116.319219,40.006918
18998,116.319239,40.006883
19003,116.319222,40.006852
19005,116.31923,40.006838
19007,116.319224,40.00687
19008,116.319217,40.006895
19012,116.319247,40.006859
19013,116.319252,40.006848
19014,116.319265,40.006818
19015,116.319274,40.006798
19018,116.319267,40.006841
19019,116.319249,40.00688
19033,116.319301,40.006884
19034,116.319322,40.006861
19050,116.319309,40.0069
19051,116.319301,40.006922
19053,116.319291,40.006946
19054,116.319278,40.006971
19055,116.319268,40.006995
19056,116.31926,40.007021
19058,116.319263,40.00706
19059,116.319261,40.007077
19067,116.319216,40.007083
19068,116.3192,40.007085
19079,116.319189,40.007069
19080,116.319207,40.007036
19081,116.319217,40.007013
19082,116.319233,40.00698
19084,116.319246,40.006943
19085,116.319248,40.006936
19095,116.319256,40.006897
19096,116.319272,40.006882
19099,116.319276,40.0069
19100,116.319259,40.006926
19103,116.319234,40.006961
19104,116.319224,40.006971
19116,116.319171,40.006963
19117,116.319159,40.006937
19118,116.319151,40.006901
19119,116.319142,40.006864
19120,116.319152,40.006819
19121,116.319154,40.006792
19123,116.319151,40.006751
19124,116.319143,40.006743
19126,116.319117,40.006754
19127,116.319105,40.006777
19129,116.319093,40.006815
19130,116.319076,40.006835
19135,116.319072,40.006878
19136,116.319086,40.006879
19140,116.319118,40.006846
19141,116.319126,40.00683
19142,116.319138,40.006803
19143,116.319145,40.006778
19145,116.319143,40.006752
19146,116.31916,40.006729
19147,116.31918,40.006698
19148,116.319191,40.006679
19151,116.319199,40.006723
19152,116.3192,40.006755
19154,116.319202,40.006797
19155,116.319193,40.006818
19159,116.319228,40.006784
19160,116.319226,40.006778
19165,116.319187,40.006795
19166,116.319176,40.006803
19171,116.319174,40.006795
19175,116.319183,40.006737
19177,116.319161,40.00675
19178,116.319138,40.006774
19189,116.319199,40.006679
19197,116.319243,40.006704
19198,116.319262,40.006714
19201,116.319295,40.006734
19202,116.319294,40.006755
19206,116.319299,40.006799
19207,116.319298,40.006802
19212,116.31929,40.006845
19213,116.31929,40.006858
19235,116.319245,40.006881
19236,116.319241,40.006899
19251,116.319233,40.006942
19252,116.319219,40.006955
19263,116.319238,40.006931
19264,116.319259,40.00692
19278,116.31925,40.006964
19279,116.319246,40.006974
19292,116.31928,40.007009
19293,116.319283,40.007018
19309,116.319296,40.006987
19310,116.319313,40.006972
19317,116.319308,40.006936
19318,116.31931,40.006923
19324,116.319265,40.006937
19325,116.319252,40.006944
19352,116.319202,40.006955
19353,116.319184,40.006953
19362,116.319198,40.006991
19363,116.319199,40.006999
19365,116.319194,40.007035
19366,116.319187,40.007053
19372,116.319201,40.007095
19373,116.319206,40.007095
19384,116.319251,40.007069
19385,116.319252,40.007065
19391,116.319251,40.007033
19392,116.319255,40.007001
19394,116.319246,40.006959
19395,116.319248,40.006942
19399,116.319247,40.006922
19400,116.31925,40.006893
19402,116.319243,40.006859
19403,116.319248,40.006845
19416,116.319221,40.006884
19417,116.319216,40.006889
19424,116.319194,40.006927
19425,116.319192,40.006934
19444,116.319204,40.006895
19448,116.319269,40.006875
19451,116.319263,40.006918
19452,116.319243,40.006954
19453,116.319228,40.00698
19454,116.319217,40.006996
19457,116.319192,40.007028
19458,116.319183,40.007044
19464,116.31919,40.007007
19465,116.319204,40.006992
19467,116.319212,40.007018
19468,116.319212,40.007042
19471,116.319217,40.007074
19472,116.319206,40.0071
19477,116.319204,40.007135
19478,116.319192,40.007159
19486,116.319223,40.007136
19487,116.319233,40.007116
19490,116.319248,40.007076
19491,116.319248,40.007069
19492,116.319268,40.007036
19493,116.319292,40.006998
19507,116.319287,40.006958
19508,116.319286,40.00695
19528,116.319307,40.006985
19529,116.319308,40.007003
19531,116.319319,40.007036
19532,116.319319,40.007067
19535,116.319346,40.007106
19536,116.319346,40.007127
19538,116.319333,40.007158
19539,116.319324,40.007172
19543,116.319274,40.00719
19544,116.319259,40.007192
19547,116.319245,40.007171
19548,116.319234,40.00715
19552,116.319184,40.007155
19553,116.31917,40.007155
19555,116.319154,40.00714
19556,116.319144,40.007112
19567,116.319169,40.007098
19862,116.319187,40.006861
19866,116.31921,40.006822
19867,116.319217,40.006802
19871,116.319203,40.006796
20095,116.319352,40.006691
20096,116.31932,40.006569
20097,116.319299,40.006482
20098,116.319289,40.006419
20099,116.319271,40.006359
20112,116.319266,40.006559
20113,116.319274,40.006633
20116,116.319241,40.006701
20118,116.319226,40.006738
20119,116.319222,40.006749
20121,116.319204,40.006785
20122,116.319196,40.006803
20124,116.31918,40.006841
20125,116.31918,40.006847
20128,116.319166,40.006881
20129,116.319156,40.006895
20138,116.319108,40.00692
20139,116.319095,40.006913
20144,116.319072,40.006874
20145,116.319063,40.00686
20146,116.319058,40.006842
20147,116.319047,40.006814
20152,116.319091,40.006828
20153,116.319099,40.006846
20156,116.319123,40.006867
20157,116.319123,40.006892
20158,116.319115,40.006929
20159,116.319119,40.006945
20162,116.319142,40.006979
20163,116.319141,40.006995
20165,116.319162,40.007024
20166,116.319161,40.007062
20184,116.319118,40.007038
20185,116.319114,40.007025
20187,116.319103,40.007
20188,116.319116,40.006975
20191,116.319151,40.006946
20192,116.319154,40.00694
20196,116.319127,40.006979
20197,116.319124,40.00699
20213,116.319156,40.006964
20214,116.31918,40.006934
20216,116.31921,40.006913
20217,116.319237,40.006896
20223,116.319233,40.00694
20224,116.319233,40.006946
20229,116.319189,40.006963
20230,116.319176,40.006968
20233,116.319156,40.00694
20235,116.319163,40.006907
20303,116.319163,40.006907
20304,116.319227,40.006951
20305,116.319211,40.007006
20306,116.319202,40.007039
20307,116.319193,40.007073
20308,116.319175,40.007108
20309,116.319156,40.00714
20376,116.319144,40.007156
20377,116.319076,40.006998
20378,116.319055,40.007009
20379,116.319024,40.007025
20380,116.318973,40.007049
20381,116.318918,40.007071
20382,116.318872,40.007094
20383,116.318821,40.007139
20384,116.318786,40.007163
20385,116.318753,40.007183
20386,116.31873,40.007196
20387,116.318698,40.007213
20389,116.318715,40.007187
20390,116.318728,40.007165
20391,116.318737,40.007139
20392,116.318751,40.007112
20404,116.318751,40.007112
20411,116.319053,40.00702
20412,116.31908,40.006971
20413,116.31912,40.006917
20464,116.319176,40.006906
20698,116.319388,40.007004
20706,116.319379,40.007026
20707,116.319122,40.007336
20708,116.319089,40.007374
20709,116.319055,40.007414
20710,116.319032,40.007444
20711,116.319024,40.007455
20741,116.319044,40.007413
20742,116.318991,40.007147
20745,116.319004,40.007107
20746,116.319017,40.007077
20747,116.319012,40.00705
20748,116.319015,40.007026
20761,116.318969,40.007017
20762,116.318908,40.007123
20765,116.318902,40.007165
20766,116.3189,40.00717
20790,116.3189,40.00717
20806,116.319047,40.006997
20865,116.319061,40.006967
20866,116.319312,40.006713
20889,116.31936,40.006698
20934,116.31911,40.006888
20948,116.31911,40.006888
20949,116.319035,40.007003
20950,116.319047,40.006967
20951,116.319074,40.006935
20952,116.319102,40.006903
20953,116.319129,40.006871
20956,116.319095,40.006852
20958,116.319116,40.006807
21003,116.319125,40.006823
21004,116.319197,40.006693
21005,116.319217,40.006666
21006,116.319232,40.006648
21009,116.319255,40.006622
21010,116.319267,40.006599
21294,116.319158,40.006477
21295,116.31904,40.006887
21296,116.319033,40.006967
21297,116.319034,40.007027
21298,116.319041,40.007073
21465,116.319463,40.006795
21482,116.319463,40.006795
21483,116.319222,40.006877
21484,116.319221,40.006852
21517,116.318942,40.007258
21555,116.318942,40.007258
21556,116.319119,40.007211
21695,116.319021,40.008019
21699,116.319021,40.008019
21700,116.318864,40.007651
21701,116.318873,40.007616
21702,116.318884,40.007574
21732,116.319135,40.006998
21739,116.319135,40.006998
21740,116.319098,40.007122
21778,116.319118,40.007087
21779,116.319093,40.00672
21787,116.319098,40.006714
21788,116.319074,40.006765
21790,116.319077,40.006801
21791,116.319091,40.006814
21794,116.319091,40.006814
23455,116.319144,40.006999
23456,116.319162,40.007045
23521,116.31918,40.007013
23541,116.319371,40.007149
23542,116.319396,40.007143
23543,116.319433,40.007148
23544,116.319476,40.007139
23545,116.31951,40.007147
23549,116.319493,40.007182
23550,116.319468,40.007205
23555,116.319432,40.007218
23556,116.319413,40.007229
23558,116.319381,40.007259
23559,116.319361,40.00728
23561,116.319345,40.007322
23562,116.319323,40.007344
23564,116.319284,40.007365
23565,116.319258,40.007366
23571,116.319241,40.007336
23572,116.319248,40.007315
23573,116.319244,40.007294
23577,116.319266,40.007228
23580,116.319245,40.007201
23581,116.319229,40.007185
23586,116.319259,40.007128
23589,116.319231,40.007161
23590,116.319189,40.007159
23591,116.319135,40.007148
23592,116.319081,40.007137
23593,116.319023,40.007118
23654,116.319612,40.006939
23655,116.319644,40.006921
23656,116.31967,40.006905
23668,116.31948,40.006677
23674,116.319454,40.006639
23675,116.319453,40.006635
23676,116.319447,40.006632
23777,116.319604,40.007411
23783,116.319516,40.007215
23784,116.319481,40.007086
23785,116.319463,40.007003
23786,116.319446,40.006892
23787,116.319437,40.006844
23788,116.319428,40.006806
23789,116.319429,40.006778
23792,116.319402,40.006739
23793,116.319389,40.006733
23799,116.319337,40.006739
23800,116.319324,40.006742
23803,116.319285,40.006769
23804,116.319269,40.006782
23815,116.319222,40.006754
23816,116.31922,40.006748
23821,116.319234,40.006783
23822,116.319225,40.006806
23823,116.31921,40.006823
23824,116.319175,40.006851
23825,116.319155,40.006874
23826,116.319153,40.006906
23827,116.31915,40.00693
23828,116.319149,40.006951
23830,116.319155,40.006979
23831,116.319165,40.007006
23832,116.319173,40.007027
23906,116.318849,40.007153
23907,116.318812,40.007229
23908,116.318776,40.007294
23909,116.318753,40.007349
23910,116.3188,40.007337
23962,116.319009,40.007318
23963,116.319015,40.007229
23964,116.319029,40.007179
23965,116.319037,40.007115
23966,116.319056,40.007065
23967,116.319078,40.007002
23968,116.319101,40.006961
23969,116.319115,40.006929
23971,116.319109,40.006884
23972,116.319095,40.00686
23983,116.319094,40.006817
23984,116.319101,40.006812
23990,116.319153,40.006828
23991,116.319165,40.006826
24001,116.319116,40.006825
24002,116.3191,40.00681
24010,116.319056,40.006829
24011,116.319037,40.006824
24013,116.319016,40.006855
24014,116.319029,40.006871
24019,116.31904,40.006909
24020,116.319048,40.006915
24026,116.319079,40.006877
24027,116.319087,40.006876
24031,116.319137,40.006888
24032,116.319145,40.006882
24046,116.319088,40.006869
24047,116.319079,40.006872
24054,116.319077,40.006911
24055,116.319086,40.006929
24056,116.319096,40.006944
24057,116.319117,40.006969
24059,116.319138,40.007006
24060,116.319146,40.00701
24067,116.319107,40.006994
24068,116.319078,40.006971
24069,116.319051,40.00695
24070,116.319035,40.006936
24071,116.319023,40.006918
24072,116.319,40.006897
24073,116.318976,40.006878
24074,116.318954,40.00686
24076,116.318922,40.006824
24077,116.318904,40.006802
24079,116.318875,40.006767
24080,116.318869,40.006754
24086,116.318898,40.006784
24087,116.318908,40.0068
24089,116.318933,40.006834
24090,116.318943,40.00685
24093,116.318961,40.006892
24094,116.318956,40.006907
24098,116.318986,40.006891
24099,116.319013,40.006883
24101,116.319064,40.006884
24102,116.319083,40.006877
24111,116.319105,40.006905
24112,116.319119,40.006924
24114,116.319144,40.006962
24115,116.319149,40.006976
24117,116.319151,40.007019
24118,116.319161,40.007042
24119,116.319178,40.007068
24120,116.319184,40.00709
24122,116.31918,40.007127
24123,116.319177,40.007142
24127,116.31921,40.00716
24128,116.319227,40.007167
24131,116.319275,40.007182
24132,116.319289,40.00718
24145,116.31928,40.007141
24146,116.319286,40.007134
24150,116.319277,40.0071
24151,116.319262,40.007091
24163,116.319271,40.007129
24164,116.319277,40.007144
24171,116.319259,40.007179
24172,116.319251,40.007186
24174,116.31921,40.007211
24175,116.319179,40.007209
24180,116.319134,40.00718
24181,116.319119,40.007162
24184,116.319127,40.007124
24185,116.319119,40.007114
24189,116.319166,40.007096
24190,116.319186,40.007099
24194,116.319206,40.007066
24195,116.319206,40.007055
24200,116.319198,40.00701
24201,116.319199,40.007009
24207,116.319215,40.007039
24208,116.319221,40.007058
24210,116.319253,40.007089
24211,116.319273,40.007101
24212,116.319301,40.007111
24213,116.319323,40.007128
24216,116.319323,40.007155
24217,116.319322,40.007179
24232,116.319285,40.007151
24233,116.31928,40.007136
24239,116.319259,40.007104
24240,116.319256,40.007088
24242,116.319234,40.007052
24243,116.31922,40.007046
24258,116.319212,40.007089
24259,116.319201,40.00711
24263,116.319185,40.007149
24264,116.319188,40.007154
24292,116.319196,40.007109
24293,116.319206,40.007103
24299,116.319226,40.007069
24300,116.319234,40.007058
24302,116.319283,40.007059
24303,116.31931,40.00706
24313,116.319292,40.007027
24314,116.319269,40.007017
24316,116.319242,40.006998
24317,116.319225,40.006978
24318,116.319189,40.006945
24319,116.319146,40.006902
24320,116.319107,40.006874
24321,116.319067,40.006835
24322,116.319037,40.006803
24323,116.319029,40.006789
24329,116.319025,40.006823
24330,116.31904,40.006845
24331,116.319052,40.006864
24332,116.319057,40.006888
24335,116.319085,40.006925
24336,116.319105,40.006932
24340,116.319155,40.006913
24341,116.319167,40.006921
24345,116.319139,40.006954
24346,116.319142,40.006982
24348,116.319119,40.007016
24349,116.319112,40.007024
24355,116.31915,40.007048
24356,116.319165,40.007043
24358,116.319197,40.007049
24359,116.319224,40.007062
24360,116.319262,40.007079
24361,116.319289,40.007098
24363,116.319334,40.007123
24364,116.319352,40.00714
24366,116.319353,40.007158
24371,116.319279,40.007147
24372,116.319249,40.007126
24373,116.319225,40.007111
24375,116.319195,40.007077
24376,116.319187,40.007066
24384,116.319149,40.007038
24385,116.319133,40.007025
24391,116.319143,40.007055
24392,116.319144,40.0071
24393,116.319135,40.007125
24402,116.319218,40.007085
24407,116.319224,40.007128
24408,116.319207,40.007142
24409,116.319179,40.007154
24410,116.319155,40.007169
24411,116.319139,40.007193
24412,116.319115,40.007205
24420,116.319169,40.007204
24421,116.319174,40.007215
24425,116.319163,40.007249
24426,116.319161,40.00727
24429,116.319116,40.00729
24430,116.319102,40.007306
24435,116.319057,40.007284
24436,116.319047,40.007283
24437,116.319029,40.007271
24438,116.318994,40.007253
24440,116.318946,40.007239
24441,116.318922,40.00724
24444,116.3189,40.007198
24445,116.318904,40.007176
24447,116.318937,40.007155
24448,116.318982,40.00715
24450,116.319018,40.007123
24451,116.319022,40.007106
24456,116.319044,40.007078
24457,116.319055,40.007057
24458,116.319061,40.007032
24459,116.319056,40.007011
24469,116.319087,40.007015
24470,116.319105,40.00704
24475,116.319085,40.00708
24476,116.319099,40.007109
24482,116.319125,40.007142
24483,116.31912,40.007151
24486,116.319132,40.00718
24487,116.319124,40.007201
24492,116.319157,40.007192
24493,116.319163,40.007153
24494,116.319174,40.007125
24495,116.319192,40.007102
24497,116.319195,40.007057
24498,116.319184,40.007049
24507,116.319235,40.00706
24508,116.319247,40.007077
24511,116.319255,40.007105
24512,116.319286,40.007123
24518,116.319235,40.007107
24534,116.319171,40.007257
24538,116.319193,40.007291
24539,116.319207,40.00731
24543,116.319244,40.007323
24544,116.319256,40.007347
24545,116.319265,40.007359
24546,116.31928,40.007391
24548,116.319279,40.007418
24549,116.319289,40.007445
24551,116.319288,40.007469
24557,116.319167,40.007337
24558,116.319126,40.00727
24559,116.319088,40.007215
24560,116.319035,40.007172
24561,116.318991,40.00714
24562,116.318956,40.007104
24563,116.318925,40.007038
24569,116.318973,40.007055
24570,116.318982,40.007053
24576,116.319022,40.007044
24580,116.319086,40.007029
24583,116.319128,40.007038
24584,116.319152,40.007069
24586,116.319161,40.007104
24587,116.319167,40.00712
24598,116.319167,40.007103
24599,116.319154,40.007073
24600,116.319141,40.007043
24601,116.319132,40.007017
24604,116.319101,40.006997
24605,116.319091,40.006982
24606,116.319083,40.006948
24607,116.3191,40.006921
24609,116.319117,40.006895
24610,116.319115,40.006875
24614,116.319166,40.006889
24628,116.319349,40.006946
24629,116.319373,40.006972
24630,116.319396,40.006982
24646,116.319154,40.007079
24647,116.319207,40.007151
24648,116.319263,40.00722
24649,116.319299,40.007279
24650,116.319303,40.007304
24651,116.319315,40.007336
24654,116.319283,40.007314
24655,116.319272,40.007301
24656,116.319247,40.007276
24657,116.319229,40.007257
24658,116.319206,40.007223
24659,116.319198,40.007209
24661,116.319181,40.007173
24662,116.319174,40.007165
24666,116.319192,40.007187
24667,116.319205,40.007204
24673,116.319185,40.007165
24674,116.319169,40.007162
24679,116.319206,40.007175
24680,116.319216,40.00719
24685,116.31927,40.007204
24686,116.319287,40.007217
24687,116.319309,40.007225
24688,116.319338,40.007248
24691,116.319369,40.007262
24692,116.31939,40.007292
24697,116.319389,40.007249
24698,116.319383,40.007241
24702,116.319381,40.00726
24703,116.319321,40.007184
24704,116.319283,40.007147
24705,116.319254,40.007135
24706,116.319229,40.007122
24708,116.319178,40.007131
24709,116.319153,40.007145
24714,116.319192,40.00713
24715,116.319204,40.007123
24725,116.319232,40.007084
24726,116.319223,40.007072
24729,116.319223,40.007043
24730,116.31923,40.007021
24741,116.319218,40.007049
24742,116.319227,40.007067
24746,116.319259,40.0071
24747,116.319261,40.007105
24748,116.319218,40.007017
24749,116.319211,40.00697
24750,116.319206,40.006944
24751,116.319189,40.006919
24753,116.319155,40.006887
24754,116.319149,40.006875
24757,116.319152,40.006835
24758,116.319151,40.006826
24876,116.31913,40.006809
24877,116.31924,40.006559
24879,116.319238,40.006515
24880,116.319234,40.006506
24929,116.319225,40.006472
24930,116.319187,40.006639
24932,116.319179,40.006673
24933,116.319172,40.006691
24934,116.319172,40.006714
24935,116.319173,40.006748
24936,116.319159,40.00679
24937,116.319158,40.006816
24938,116.319159,40.006849
24939,116.319165,40.006884
24940,116.319199,40.006864
24941,116.319232,40.006804
24947,116.319272,40.00681
24948,116.31929,40.006825
24950,116.319295,40.006855
24951,116.319283,40.006879
24954,116.319283,40.006879
24955,116.319239,40.007028
24956,116.319218,40.007072
24957,116.31919,40.007115
24958,116.319164,40.007161
24959,116.319161,40.007172
24960,116.319175,40.007109
24961,116.31919,40.007065
24971,116.31922,40.007042
24972,116.319212,40.006658
24973,116.319201,40.006596
24974,116.319191,40.006547
24977,116.319185,40.006504
24978,116.319181,40.0065
25005,116.319181,40.0065
25006,116.319167,40.006731
25007,116.319158,40.006776
25008,116.319166,40.006822
25009,116.31918,40.006851
25010,116.3192,40.006881
25011,116.319229,40.006899
25012,116.319254,40.006914
25064,116.319272,40.006893
25065,116.319049,40.006735
25248,116.319046,40.00673
25249,116.319155,40.006696
25251,116.319208,40.006709
25252,116.319226,40.006711
25335,116.319233,40.006733
25336,116.319182,40.006972
25433,116.319178,40.006972
25434,116.319232,40.007008
25461,116.319243,40.007015
25462,116.319178,40.006798
25487,116.319176,40.006779
25488,116.319126,40.006685
25504,116.319108,40.006683
25505,116.319084,40.006835
25506,116.319067,40.006869
25507,116.319047,40.006912
25573,116.319073,40.00692
25574,116.3191,40.006828
25674,116.319118,40.006822
25675,116.319198,40.007179
25706,116.31921,40.007185
25707,116.319167,40.007113
25745,116.319163,40.00709
25746,116.319081,40.006716
25747,116.319051,40.006684
25748,116.318999,40.006651
25749,116.318933,40.006609
25937,116.319275,40.00698
25970,116.319264,40.006985
25971,116.319339,40.006878
25972,116.319349,40.006854
25973,116.319362,40.006831
25974,116.319405,40.006816
25975,116.319442,40.00679
25976,116.31949,40.006761
25977,116.319529,40.006744
25978,116.319566,40.006734
25979,116.319596,40.006727
25980,116.319631,40.006725
25981,116.319678,40.006733
25982,116.319716,40.006736
25983,116.319761,40.006733
25984,116.319795,40.006726
25985,116.319831,40.006716
25986,116.319876,40.006705
25987,116.319921,40.006689
25988,116.319961,40.006671
25989,116.319998,40.006657
25990,116.320039,40.006644
25991,116.320082,40.006628
25992,116.32013,40.006605
25993,116.32018,40.00659
25994,116.320222,40.006589
25995,116.320267,40.006589
25996,116.320314,40.006602
25997,116.320361,40.006619
25998,116.320416,40.006646
25999,116.320476,40.00665
26000,116.32053,40.006645
26001,116.320581,40.006646
26002,116.320634,40.00665
26003,116.320688,40.006644
26004,116.320736,40.006642
26005,116.320777,40.00665
26006,116.320821,40.006654
26007,116.320852,40.006677
26008,116.320891,40.006698
26009,116.320943,40.006694
26010,116.320995,40.006682
26011,116.32104,40.006682
26012,116.321087,40.006677
26013,116.321131,40.006675
26014,116.321171,40.006674
26015,116.321217,40.006673
26016,116.321259,40.006673
26017,116.321293,40.00667
26022,116.321326,40.006642
26023,116.321339,40.006611
26024,116.32135,40.006575
26025,116.321349,40.006548
26027,116.321347,40.006509
26028,116.321348,40.006469
26029,116.321353,40.006429
26030,116.321363,40.006376
26031,116.321377,40.006336
26032,116.321386,40.006295
26033,116.321384,40.006256
26034,116.321381,40.006226
26035,116.32137,40.0062
26036,116.321361,40.006153
26037,116.321362,40.006119
26038,116.321367,40.006068
26039,116.321376,40.006017
26040,116.321381,40.005984
26041,116.321381,40.005949
26042,116.321384,40.00592
26043,116.321385,40.005892
26045,116.321377,40.005849
26046,116.321379,40.005826
26047,116.321385,40.005785
26048,116.321392,40.005736
26049,116.321398,40.005691
26050,116.321408,40.005643
26051,116.321423,40.005598
26052,116.321432,40.00556
26053,116.321439,40.005522
26054,116.321445,40.005488
26055,116.321448,40.005455
26056,116.321452,40.005427
26057,116.321456,40.005401
26058,116.321463,40.005375
26059,116.321473,40.005346
26061,116.321476,40.005304
26062,116.321472,40.005284
26063,116.321473,40.00526
26064,116.321479,40.005236
26065,116.321482,40.00521
26066,116.321484,40.005179
26067,116.321477,40.005146
26068,116.321478,40.005117
26069,116.321483,40.005094
26070,116.321491,40.005072
26071,116.321492,40.00505
26072,116.321494,40.005015
26073,116.321495,40.004976
26074,116.321491,40.004939
26075,116.321493,40.004906
26076,116.321493,40.004878
26077,116.321494,40.004853
26078,116.321501,40.004826
26079,116.32151,40.004781
26080,116.321516,40.004735
26081,116.321517,40.004693
26082,116.321519,40.004658
26084,116.321527,40.004622
26085,116.321537,40.004598
26086,116.321545,40.004566
26087,116.32155,40.00453
26088,116.32155,40.004489
26089,116.321545,40.00445
26090,116.321539,40.004423
26091,116.321537,40.004398
26092,116.321538,40.004371
26093,116.321539,40.00434
26094,116.321534,40.004305
26095,116.321522,40.004274
26096,116.32152,40.004244
26097,116.321529,40.004211
26098,116.32154,40.004178
26099,116.321552,40.004148
26100,116.32156,40.004121
26101,116.321568,40.004093
26102,116.321579,40.004058
26103,116.321595,40.004022
26104,116.321604,40.003987
26105,116.321613,40.003951
26106,116.32161,40.003924
26107,116.321617,40.003898
26108,116.321633,40.003872
26109,116.321644,40.003843
26110,116.321647,40.003811
26111,116.321652,40.003774
26112,116.321659,40.003736
26113,116.321664,40.0037
26114,116.321657,40.003665
26115,116.321658,40.003628
26116,116.321657,40.003592
26117,116.321661,40.003555
26118,116.321661,40.003517
26119,116.321664,40.003481
26120,116.321674,40.003436
26121,116.321683,40.003384
26122,116.321693,40.003339
26123,116.321701,40.003302
26124,116.321707,40.003263
26125,116.321714,40.003224
26126,116.321728,40.00319
26127,116.32174,40.003154
26128,116.321747,40.003116
26129,116.321752,40.003078
26130,116.321761,40.00304
26131,116.321768,40.003006
26132,116.32177,40.002969
26133,116.32177,40.002934
26134,116.321777,40.002905
26135,116.321786,40.002878
26136,116.321782,40.002853
26137,116.321773,40.002823
26138,116.321779,40.002791
26139,116.321795,40.002771
26140,116.321804,40.002749
26141,116.321803,40.002722
26142,116.321803,40.002691
26144,116.321802,40.002648
26145,116.321792,40.002628
26146,116.321788,40.002607
26147,116.321789,40.002581
26148,116.32179,40.002554
26149,116.321786,40.00252
26150,116.321774,40.002493
26151,116.321759,40.002472
26152,116.321743,40.002449
26153,116.321734,40.002419
26154,116.321743,40.002376
26155,116.321756,40.002337
26156,116.321764,40.00229
26157,116.321763,40.002241
26158,116.321762,40.002193
26159,116.321764,40.002147
26160,116.321764,40.0021
26161,116.32176,40.00206
26162,116.321753,40.002016
26163,116.321749,40.00197
26164,116.321764,40.00191
26165,116.321774,40.001867
26166,116.321775,40.00182
26167,116.321776,40.001769
26168,116.321773,40.001726
26169,116.321783,40.001687
26170,116.321796,40.001648
26171,116.321809,40.001617
26173,116.321836,40.001574
26176,116.321814,40.001535
26177,116.3218,40.001507
26178,116.321795,40.001479
26179,116.321794,40.001443
26180,116.321799,40.001405
26181,116.321806,40.001369
26182,116.321823,40.001332
26183,116.321834,40.001301
26184,116.321849,40.001266
26185,116.321867,40.001224
26186,116.321877,40.001178
26187,116.321886,40.001133
26188,116.321893,40.001097
26189,116.321901,40.001069
26190,116.321897,40.001034
26191,116.321897,40.000993
26192,116.321886,40.000953
26193,116.321901,40.000913
26194,116.321911,40.000874
26195,116.321911,40.000838
26196,116.321915,40.000796
26197,116.321915,40.000759
26198,116.321913,40.000727
26199,116.321896,40.000698
26200,116.321873,40.000658
26201,116.321864,40.000616
26202,116.321858,40.000579
26203,116.321838,40.000546
26204,116.321841,40.000504
26205,116.321861,40.000468
26206,116.321895,40.000435
26207,116.321907,40.000403
26208,116.321913,40.000374
26209,116.32193,40.000351
26210,116.321968,40.000327
26211,116.322,40.000303
26212,116.322032,40.000288
26213,116.322058,40.000281
26215,116.322086,40.000254
26216,116.322096,40.000226
26217,116.322107,40.000187
26218,116.322116,40.000154
26219,116.32213,40.000124
26220,116.322149,40.000092
26221,116.322162,40.000059
26222,116.322164,40.00003
26223,116.322153,40.000002
26224,116.322145,39.99997
26225,116.322148,39.999941
26226,116.322166,39.999914
26227,116.322191,39.999894
26228,116.322222,39.999878
26229,116.322258,39.999863
26230,116.322289,39.999852
26231,116.322332,39.999843
26232,116.322372,39.999838
26233,116.322414,39.99983
26234,116.322467,39.999811
26235,116.322517,39.999797
26236,116.32256,39.999801
26237,116.322611,39.999795
26238,116.322667,39.99979
26239,116.322716,39.999789
26240,116.32276,39.999783
26241,116.3228,39.999764
26242,116.32284,39.999739
26243,116.322885,39.999723
26244,116.322931,39.999718
26245,116.322977,39.999711
26246,116.323026,39.999701
26247,116.323068,39.999686
26248,116.323104,39.999681
26249,116.323141,39.999681
26250,116.323177,39.999682
26251,116.323221,39.999681
26252,116.323265,39.999681
26253,116.323308,39.999681
26254,116.323353,39.999685
26255,116.323401,39.999689
26256,116.323453,39.999704
26257,116.3235,39.999717
26258,116.32354,39.999732
26259,116.323583,39.99974
26260,116.323629,39.999753
26261,116.32368,39.999766
26262,116.323735,39.999772
26263,116.323783,39.999779
26264,116.323821,39.999782
26265,116.323859,39.999779
26266,116.323889,39.999783
26268,116.323939,39.99979
26269,116.32396,39.999794
26271,116.324015,39.999794
26272,116.324051,39.999785
26274,116.324099,39.999794
26275,116.324128,39.999797
26276,116.324156,39.999809
26277,116.324189,39.999823
26278,116.324227,39.999829
26279,116.324258,39.999834
26280,116.324291,39.999843
26281,116.324332,39.999846
26282,116.324386,39.999845
26283,116.32444,39.999838
26284,116.324492,39.999829
26285,116.324554,39.999824
26286,116.324606,39.999825
26287,116.324653,39.999829
26288,116.324689,39.999842
26289,116.324726,39.999854
26290,116.324772,39.999855
26291,116.324823,39.999853
26292,116.324871,39.999858
26293,116.324916,39.999868
26294,116.324955,39.999871
26295,116.324987,39.999868
26296,116.325018,39.999866
26297,116.325051,39.999861
26298,116.325085,39.99985
26299,116.325122,39.99984
26300,116.325162,39.99984
26301,116.325201,39.999843
26302,116.325234,39.999843
26303,116.325274,39.999842
26304,116.325317,39.999852
26305,116.325355,39.999868
26306,116.32539,39.999882
26307,116.32543,39.999904
26308,116.325456,39.999934
26309,116.325481,39.999958
26310,116.325507,39.999969
26311,116.325541,39.999964
26312,116.325586,39.999962
26313,116.325638,39.999948
26314,116.325682,39.999939
26315,116.325724,39.999935
26316,116.325778,39.999918
26317,116.32583,39.999909
26318,116.32588,39.999903
26319,116.325936,39.999895
26320,116.325984,39.999892
26321,116.32603,39.999892
26322,116.326082,39.999895
26323,116.326116,39.999898
26324,116.326162,39.999898
26325,116.326208,39.999898
26326,116.326252,39.999896
26327,116.326294,39.999892
26328,116.326341,39.999896
26329,116.32639,39.999896
26330,116.32644,39.999891
26331,116.326484,39.999881
26332,116.326525,39.999882
26333,116.326567,39.999881
26334,116.32661,39.999885
26335,116.326654,39.999892
26336,116.326698,39.999897
26337,116.326742,39.9999
26338,116.326788,39.9999
26339,116.326836,39.999901
26340,116.326881,39.9999
26341,116.326928,39.999897
26342,116.32697,39.999898
26343,116.327009,39.999899
26344,116.327052,39.999895
26345,116.327102,39.999897
26346,116.327143,39.999896
26347,116.32718,39.999896
26348,116.327217,39.999902
26349,116.32726,39.999897
26350,116.327297,39.999898
26351,116.327334,39.999902
26352,116.327372,39.999914
26353,116.327408,39.999933
26354,116.327447,39.99994
26355,116.327493,39.999938
26356,116.327535,39.99994
26357,116.327571,39.999942
26358,116.327612,39.999949
26359,116.327652,39.999954
26360,116.327696,39.999961
26361,116.327744,39.999967
26362,116.327789,39.999973
26363,116.327831,39.999976
26364,116.327867,39.99998
26365,116.327897,39.999984
26366,116.327928,39.999992
26367,116.327959,40.000004
26368,116.327991,40.000019
26369,116.328019,40.000034
26370,116.328047,40.000042
26371,116.328072,40.000045
26372,116.328121,40.000019
26373,116.328182,39.999985
26374,116.328205,39.999961
26375,116.328225,39.999937
26376,116.328245,39.999911
26377,116.328247,39.999886
26383,116.328193,39.999879
26384,116.32818,39.99987
26390,116.328158,39.999845
26391,116.328147,39.999813
26393,116.328122,39.999785
26394,116.328102,39.999774
26396,116.328058,39.999801
26398,116.327999,39.999807
26399,116.327951,39.999825
26400,116.327904,39.99983
26401,116.327855,39.999833
26402,116.327814,39.999837
26414,116.327735,39.999784
26423,116.327735,39.999784
26424,116.328128,39.999757
26428,116.328175,39.999738
26429,116.328177,39.999697
34798,116.328765,39.999786
36112,116.327705,40.000016
36125,116.327705,40.000016
36126,116.327931,39.999888
36128,116.327979,39.999866
36129,116.328005,39.999861
36130,116.328005,39.999861
36131,116.328086,39.999856
36133,116.328142,39.999848
36134,116.32817,39.999838
36137,116.328228,39.999838
36138,116.32824,39.999871
36142,116.328206,39.999835
36143,116.328176,39.999824
36144,116.328148,39.999806
36145,116.328122,39.999791
36146,116.328088,39.999771
36147,116.328059,39.999758
36148,116.328019,39.999761
36149,116.327991,39.999767
36150,116.327961,39.999773
36151,116.327925,39.999768
36152,116.327897,39.999769
36153,116.327857,39.999779
36154,116.327819,39.999781
36155,116.327773,39.999792
36156,116.327738,39.999802
36157,116.327704,39.99981
36158,116.327669,39.999807
36159,116.327643,39.999804
36160,116.327621,39.9998
36161,116.327576,39.999803
36162,116.32753,39.999802
36163,116.327487,39.999797
36164,116.327438,39.999795
36165,116.32739,39.999801
36166,116.327342,39.999808
36167,116.327296,39.999816
36168,116.327257,39.999817
36169,116.327215,39.99982
36170,116.327167,39.999826
36171,116.327125,39.999838
36172,116.327091,39.999843
36173,116.327045,39.999853
36174,116.327002,39.999857
36175,116.326954,39.999862
36176,116.326911,39.999868
36177,116.326886,39.999869
36178,116.326864,39.999876
36179,116.326827,39.999885
36180,116.32679,39.999894
36181,116.326754,39.999902
36182,116.326722,39.99991
36183,116.326686,39.999922
36184,116.326653,39.99993
36185,116.326616,39.999938
36186,116.32658,39.999943
36187,116.326553,39.999939
36189,116.326496,39.99993
36190,116.326462,39.999931
36191,116.326423,39.999937
36192,116.326385,39.999944
36194,116.326331,39.999938
36195,116.326309,39.999926
36196,116.326279,39.999916
36197,116.326248,39.999913
36198,116.326217,39.999906
36199,116.326184,39.999903
36200,116.326149,39.999903
36201,116.326116,39.999903
36202,116.326086,39.999901
36203,116.326056,39.999901
36204,116.326026,39.999902
36205,116.325988,39.999905
36206,116.325952,39.999902
36207,116.325919,39.999898
36208,116.325887,39.999896
36209,116.325857,39.999892
36210,116.32582,39.999891
36211,116.32579,39.999882
36212,116.325762,39.999874
36213,116.325734,39.999865
36214,116.325702,39.99986
36215,116.325672,39.999856
36216,116.32564,39.999848
36217,116.32561,39.999841
36218,116.325578,39.999829
36219,116.325547,39.99982
36221,116.325492,39.999811
36222,116.325476,39.999799
36223,116.325441,39.999796
36224,116.325408,39.999795
36226,116.325357,39.999794
36227,116.325317,39.999803
36229,116.325263,39.999799
36230,116.325229,39.999801
36231,116.325192,39.999823
36232,116.32516,39.999833
36233,116.325131,39.999822
36234,116.325094,39.999821
36236,116.325048,39.999817
36237,116.32503,39.999808
36239,116.324981,39.999783
36240,116.324943,39.99979
36241,116.3249,39.999791
36242,116.324856,39.999797
36244,116.324805,39.999775
36245,116.324774,39.999774
36246,116.324741,39.999778
36247,116.324707,39.999781
36248,116.324673,39.999781
36249,116.324633,39.999785
36251,116.324577,39.99979
36252,116.324554,39.999795
36253,116.324524,39.999791
36254,116.324492,39.999791
36255,116.324465,39.999782
36256,116.324439,39.999765
36257,116.324395,39.999758
36258,116.324359,39.99975
36259,116.324315,39.999733
36260,116.324277,39.99973
36261,116.324236,39.999724
36262,116.324195,39.999725
36263,116.324156,39.999733
36264,116.324128,39.999731
36265,116.324107,39.999717
36266,116.324068,39.999725
36267,116.324037,39.999715
36268,116.32401,39.999704
36269,116.323976,39.999705
36270,116.323934,39.999716
36271,116.323893,39.999723
36272,116.323843,39.999735
36273,116.323801,39.999747
36274,116.323761,39.999749
36275,116.323722,39.99975
36276,116.323685,39.999755
36277,116.323643,39.99976
36278,116.323597,39.999763
36279,116.32355,39.999767
36280,116.323511,39.999761
36281,116.323473,39.999754
36282,116.323438,39.999749
36283,116.323412,39.999736
36284,116.323384,39.999726
36285,116.32335,39.999722
36286,116.323317,39.99972
36287,116.323282,39.999714
36288,116.32325,39.9997
36289,116.323216,39.999696
36290,116.32318,39.999696
36291,116.323144,39.999691
36292,116.323114,39.999685
36293,116.323081,39.999675
36294,116.323051,39.999663
36295,116.323014,39.999656
36296,116.322969,39.999653
36297,116.322939,39.999649
36298,116.322898,39.999651
36299,116.322857,39.999651
36300,116.322817,39.999655
36301,116.322773,39.999665
36302,116.322726,39.999667
36303,116.322693,39.999663
36304,116.322647,39.999661
36305,116.322611,39.999657
36306,116.322575,39.999652
36307,116.322534,39.999642
36308,116.322496,39.999631
36309,116.322455,39.999624
36310,116.322416,39.999621
36311,116.322383,39.999616
36312,116.322349,39.999613
36313,116.322314,39.999609
36314,116.32227,39.999609
36315,116.322231,39.999608
36316,116.32219,39.999613
36317,116.322137,39.999634
36318,116.322088,39.999651
36319,116.322046,39.999673
36320,116.322012,39.999701
36321,116.321975,39.999732
36322,116.321944,39.99976
36323,116.32191,39.99979
36324,116.321882,39.999822
36325,116.321857,39.999854
36326,116.321845,39.999885
36327,116.321834,39.999918
36328,116.321825,39.999951
36329,116.32182,39.999984
36330,116.32182,40.000013
36331,116.321816,40.000045
36333,116.321792,40.000084
36334,116.321776,40.000106
36335,116.321765,40.00014
36336,116.321764,40.000173
36337,116.321764,40.000212
36338,116.321764,40.000248
36339,116.321774,40.00028
36340,116.321785,40.000312
36341,116.321784,40.000345
36342,116.321781,40.000376
36343,116.321773,40.000405
36344,116.321762,40.000435
36345,116.321758,40.000464
36346,116.321751,40.000493
36347,116.321738,40.00053
36348,116.321726,40.000565
36349,116.321717,40.000605
36350,116.321705,40.000644
36351,116.32171,40.000677
36352,116.321707,40.000712
36353,116.321698,40.00075
36354,116.321693,40.000778
36355,116.321685,40.000803
36356,116.321674,40.00083
36357,116.321662,40.000859
36358,116.321659,40.000889
36359,116.32166,40.000916
36360,116.321656,40.000947
36361,116.321655,40.000974
36362,116.321646,40.001007
36363,116.321637,40.001038
36364,116.321631,40.001074
36365,116.321626,40.001115
36366,116.321621,40.001154
36367,116.321616,40.001183
36368,116.321606,40.001213
36370,116.321596,40.001252
36371,116.321595,40.001276
36372,116.321596,40.001299
36373,116.321596,40.001326
36374,116.321605,40.001354
36375,116.321615,40.001378
36376,116.321618,40.001405
36377,116.321611,40.001438
36378,116.321597,40.001478
36379,116.32159,40.001506
36380,116.32159,40.001538
36381,116.321594,40.001567
36383,116.321589,40.001601
36384,116.321576,40.001619
36385,116.321561,40.001648
36386,116.321552,40.001675
36387,116.321539,40.0017
36388,116.321535,40.001727
36389,116.32153,40.00175
36390,116.321526,40.001776
36392,116.321544,40.001808
36393,116.32156,40.00182
36394,116.32158,40.001842
36395,116.321586,40.001866
36396,116.32159,40.001903
36397,116.321588,40.001949
36398,116.321575,40.00198
36399,116.321556,40.002008
36400,116.321533,40.002035
36401,116.321522,40.002068
36402,116.321519,40.002097
36403,116.321531,40.00213
36404,116.32154,40.002159
36405,116.321547,40.002191
36406,116.321556,40.002218
36407,116.321551,40.002242
36408,116.321543,40.00226
36409,116.321534,40.002285
36410,116.321517,40.002319
36411,116.321498,40.002368
36412,116.321493,40.002429
36413,116.3215,40.002476
36414,116.321506,40.002528
36415,116.32152,40.002565
36416,116.321529,40.002596
36417,116.321533,40.002626
36418,116.321531,40.002651
36419,116.321535,40.002672
36420,116.321539,40.002703
36421,116.321539,40.002735
36422,116.321549,40.002762
36424,116.321573,40.002799
36425,116.32157,40.002827
36426,116.321563,40.002847
36427,116.321551,40.002883
36428,116.321537,40.002905
36429,116.32153,40.00293
36430,116.321521,40.002953
36431,116.321512,40.002984
36432,116.321505,40.003021
36433,116.321509,40.003054
36434,116.321509,40.003084
36435,116.3215,40.003111
36436,116.321495,40.00314
36437,116.321475,40.003174
36438,116.321458,40.003201
36439,116.32145,40.003229
36440,116.321443,40.003256
36441,116.321436,40.003274
36443,116.321423,40.003316
36444,116.321414,40.003338
36445,116.321415,40.003362
36446,116.321417,40.003397
36447,116.321426,40.003418
36448,116.321438,40.003444
36449,116.321442,40.00347
36450,116.321435,40.003504
36451,116.321427,40.003543
36452,116.321422,40.003569
36453,116.321421,40.003604
36454,116.321427,40.00364
36455,116.32143,40.003669
36456,116.32143,40.003699
36457,116.32142,40.00373
36458,116.321408,40.003754
36460,116.321388,40.003789
36461,116.321387,40.003811
36462,116.321387,40.003834
36463,116.321379,40.003858
36464,116.321378,40.003882
36465,116.321376,40.003913
36466,116.321367,40.003945
36467,116.321359,40.003981
36468,116.32136,40.004016
36469,116.321371,40.00405
36470,116.32138,40.004084
36471,116.321374,40.004115
36472,116.321365,40.004144
36473,116.321358,40.004174
36475,116.321345,40.004208
36476,116.321336,40.004227
36478,116.321337,40.004268
36479,116.321344,40.004297
36480,116.321348,40.004335
36481,116.321352,40.004378
36482,116.321351,40.004426
36483,116.32134,40.004482
36484,116.321336,40.004527
36485,116.321326,40.004573
36486,116.321311,40.004605
36487,116.321295,40.004622
36488,116.321279,40.004644
36489,116.321271,40.004664
36492,116.321274,40.004707
36493,116.32128,40.004717
36522,116.321289,40.004723
36523,116.321262,40.004917
36525,116.321218,40.004908
36526,116.321201,40.004903
36530,116.321156,40.00488
36531,116.321147,40.004877
36534,116.321147,40.004877
36535,116.321094,40.004847
36537,116.321045,40.004832
36538,116.321011,40.004826
36540,116.320953,40.004825
36541,116.320925,40.004835
36544,116.320872,40.00482
36545,116.320853,40.004816
36547,116.320808,40.004811
36548,116.320783,40.00481
36550,116.320733,40.004826
36551,116.320724,40.00482
36576,116.320722,40.004814
36577,116.320673,40.004951
36585,116.320626,40.004966
36586,116.320597,40.004982
36641,116.320606,40.004957
36642,116.320462,40.005299
36655,116.320473,40.005326
36656,116.320494,40.005359
36658,116.32051,40.005338
36673,116.320777,40.005246
36674,116.320836,40.005244
36696,116.320871,40.005269
36697,116.320453,40.005465
36698,116.320403,40.005448
36699,116.320352,40.00544
36700,116.320302,40.005442
36701,116.320284,40.005448
36703,116.320253,40.005467
36704,116.320238,40.005481
36706,116.3202,40.005489
36707,116.320176,40.005481
36708,116.320121,40.005477
36709,116.320098,40.00547
36710,116.320051,40.005463
36711,116.320025,40.00546
36712,116.31998,40.005453
36713,116.319928,40.005442
36714,116.319876,40.00544
36715,116.31983,40.005434
36716,116.319787,40.005423
36717,116.319764,40.005419
36719,116.319733,40.005397
36720,116.31986,40.005401
36721,116.319922,40.005395
36722,116.320006,40.005395
36887,116.320006,40.005395
36888,116.320515,40.0054
36889,116.32057,40.005398
36890,116.320574,40.005391
36892,116.320614,40.005369
36893,116.320624,40.005358
36979,116.320462,40.005494
37022,116.320471,40.005493
37023,116.32054,40.005448
37154,116.320552,40.005439
37155,116.320524,40.005503
37300,116.320556,40.00547
37301,116.320568,40.00546
37304,116.320586,40.005424
37305,116.320598,40.005414
37309,116.320596,40.005447
37310,116.320583,40.005466
37432,116.320583,40.005466
37433,116.32049,40.005564
37612,116.320475,40.00558
37613,116.320587,40.005505
37615,116.320552,40.005528
37616,116.320539,40.005537
37626,116.320588,40.005521
37627,116.320594,40.005521
37669,116.320596,40.005527
37670,116.320416,40.005656
37671,116.320399,40.005681
37672,116.320383,40.005703
37673,116.320363,40.005726
37674,116.320352,40.005756
37680,116.320183,40.005905
37681,116.320253,40.005817
37682,116.320257,40.0058
37683,116.32032,40.005742
37684,116.320435,40.005662
37686,116.320439,40.005625
37687,116.320469,40.005554
37688,116.320517,40.005498
37723,116.320517,40.005498
37724,116.32052,40.005147
37800,116.320524,40.005118
37801,116.320457,40.005016
37803,116.320437,40.00505
37804,116.320435,40.005064
37807,116.320425,40.005108
37808,116.320423,40.005128
37810,116.320401,40.005165
37811,116.320386,40.005182
37813,116.32035,40.005213
37814,116.320334,40.005229
37816,116.320312,40.005266
37817,116.320311,40.005289
37818,116.320294,40.005311
37819,116.320272,40.005324
37821,116.320236,40.005352
37822,116.320217,40.005368
37824,116.320169,40.005393
37825,116.32015,40.005409
37826,116.320128,40.005428
37827,116.32011,40.005443
37830,116.32008,40.00548
37831,116.320059,40.005507
37832,116.320041,40.005537
37833,116.320025,40.005564
37834,116.320004,40.005586
37835,116.319975,40.00561
37836,116.319955,40.005634
37837,116.319928,40.00566
37838,116.319905,40.005681
37839,116.319882,40.005704
37840,116.319856,40.005723
37841,116.319832,40.005742
37843,116.319804,40.005775
37844,116.319794,40.005794
37845,116.319773,40.005814
37846,116.319751,40.005837
37847,116.319746,40.005863
37848,116.319735,40.005886
37850,116.319714,40.005923
37851,116.319707,40.00594
37853,116.319699,40.00597
37854,116.319689,40.00599
37855,116.319681,40.006012
37856,116.319666,40.006032
37857,116.319647,40.006053
37858,116.319625,40.00607
37859,116.319599,40.006091
37860,116.319572,40.006112
37861,116.319552,40.006134
37862,116.319539,40.006153
37863,116.319525,40.006172
37864,116.319502,40.0062
37865,116.319477,40.006225
37866,116.319459,40.006249
37867,116.319442,40.006281
37868,116.319425,40.006306
37869,116.319409,40.006331
37870,116.319394,40.006354
37871,116.31938,40.006376
37872,116.319363,40.006394
37873,116.319351,40.006421
37874,116.319339,40.006455
37875,116.31932,40.006487
37876,116.319295,40.006516
37877,116.31927,40.006541
37878,116.319256,40.006566
37880,116.319245,40.006606
37881,116.319244,40.00662
37884,116.319241,40.006648
37885,116.319225,40.006673
37887,116.319192,40.006707
37888,116.319175,40.00673
37889,116.319162,40.006754
37890,116.319146,40.006778
37892,116.319115,40.00681
37893,116.319107,40.006817
37941,116.319094,40.006818
38196,116.319431,40.006979
38238,116.319431,40.006979
38239,116.319223,40.006816
38247,116.31927,40.006809
38248,116.319287,40.006818
38250,116.319322,40.00683
38251,116.319355,40.006829
38259,116.319355,40.006829
38260,116.319413,40.006699
38262,116.319427,40.006665
38263,116.319441,40.006643
38265,116.319469,40.006623
38266,116.31949,40.00661
38267,116.319509,40.006589
38268,116.319526,40.006567
38269,116.319547,40.006548
38270,116.319571,40.006527
38271,116.319596,40.006503
38272,116.319626,40.006475
38273,116.319654,40.006446
38274,116.319681,40.006421
38275,116.3197,40.006397
38276,116.319721,40.006369
38277,116.319745,40.00635
38278,116.319771,40.006339
38279,116.319794,40.006325
38280,116.319819,40.006302
38281,116.319845,40.006279
38282,116.319869,40.006251
38283,116.319898,40.006224
38284,116.31992,40.0062
38286,116.319952,40.006173
38287,116.319966,40.006156
38289,116.319988,40.00612
38290,116.319999,40.006106
38293,116.320011,40.006092
38294,116.320034,40.006044
38295,116.320043,40.00602
38296,116.320059,40.006
38297,116.320091,40.005966
38298,116.320119,40.005945
38299,116.320152,40.00593
38300,116.320174,40.005914
38301,116.320199,40.005894
38302,116.320217,40.005876
38304,116.320245,40.005838
38305,116.320255,40.005809
38306,116.320277,40.005774
38307,116.320313,40.005735
38308,116.320336,40.005703
38309,116.320359,40.005665
38310,116.320378,40.005629
38311,116.3204,40.005593
38312,116.320418,40.005561
38313,116.320436,40.005537
38314,116.320457,40.005511
38315,116.320473,40.005487
38317,116.320473,40.005442
38318,116.320481,40.005414
38319,116.320487,40.005385
38320,116.320497,40.005355
38321,116.320502,40.005328
38322,116.320509,40.0053
38323,116.320512,40.00527
38324,116.320518,40.005239
38325,116.320524,40.005215
38326,116.320523,40.005188
38328,116.32052,40.005146
38329,116.320516,40.005118
38330,116.320527,40.005092
38331,116.32054,40.00507
38336,116.32055,40.005051
38337,116.32051,40.004931
38338,116.320477,40.004918
38339,116.320452,40.004905
38340,116.320423,40.004893
38341,116.320393,40.004885
38343,116.320341,40.004866
38344,116.320316,40.004855
38346,116.320265,40.004832
38347,116.320237,40.004821
38348,116.320195,40.004817
38349,116.320147,40.004817
38350,116.320099,40.004818
38351,116.320054,40.004817
38352,116.320008,40.004815
38353,116.319962,40.004808
38354,116.319916,40.004804
38355,116.319874,40.004801
38356,116.319827,40.004801
38357,116.319779,40.004802
38358,116.319733,40.004798
38359,116.319679,40.004793
38360,116.319629,40.004786
38361,116.319581,40.004782
38362,116.319533,40.004783
38363,116.319493,40.004782
38364,116.319451,40.004778
38365,116.319413,40.004774
38366,116.319377,40.004768
38367,116.31934,40.004759
38368,116.319302,40.004752
38369,116.31927,40.004748
38370,116.319236,40.004746
38371,116.319194,40.004749
38373,116.319145,40.004735
38374,116.319125,40.004727
38375,116.319093,40.004731
38376,116.319054,40.00474
38378,116.319007,40.004735
38379,116.318971,40.004728
38380,116.318921,40.004727
38381,116.318871,40.004717
38382,116.318826,40.004706
38383,116.318781,40.004694
38384,116.318735,40.004688
38385,116.318687,40.004685
38386,116.318632,40.004684
38387,116.318581,40.004683
38388,116.318535,40.00468
38389,116.318488,40.004677
38390,116.31844,40.004675
38391,116.318391,40.004673
38392,116.318343,40.004665
38393,116.318296,40.004653
38394,116.318252,40.004644
38395,116.318209,40.00464
38396,116.318165,40.004637
38397,116.318123,40.004635
38399,116.318065,40.004633
38400,116.318037,40.004629
38402,116.317982,40.004638
38403,116.317945,40.004643
38404,116.317912,40.004646
38405,116.317878,40.004655
38406,116.317847,40.004659
38407,116.317811,40.004657
38409,116.317765,40.004638
38410,116.317743,40.004628
38412,116.317693,40.004611
38413,116.317659,40.004608
38414,116.31762,40.004606
38415,116.31758,40.004606
38416,116.317534,40.004605
38417,116.317484,40.004602
38418,116.317437,40.004605
38419,116.317397,40.004603
38420,116.317354,40.004604
38421,116.317314,40.004604
38423,116.31726,40.004601
38424,116.317227,40.004597
38426,116.317198,40.004572
38427,116.317185,40.004563
38429,116.317133,40.004554
38430,116.317093,40.004548
38431,116.317053,40.004545
38432,116.317019,40.004543
38434,116.316967,40.004549
38435,116.316934,40.004555
38436,116.316902,40.004554
38437,116.316874,40.004552
38440,116.316834,40.004531
38441,116.316824,40.004516
38443,116.316805,40.004476
38444,116.316813,40.004467
38446,116.316782,40.004433
38447,116.316775,40.004405
38448,116.31677,40.00438
38449,116.316772,40.004355
38450,116.316786,40.004328
38451,116.316811,40.004297
38452,116.31683,40.00427
38453,116.31683,40.004248
38454,116.316828,40.004222
38455,116.316824,40.004194
38456,116.316826,40.004164
38457,116.316833,40.004131
38458,116.316842,40.004104
38459,116.316852,40.004085
38465,116.316852,40.004067
38466,116.316853,40.004033
38467,116.316849,40.004004
38468,116.316839,40.003978
38469,116.316841,40.003952
38470,116.316849,40.00393
38472,116.316849,40.00389
38473,116.316845,40.003869
38474,116.316836,40.003841
38475,116.316834,40.003812
38476,116.316833,40.003787
38477,116.316839,40.003751
38478,116.316848,40.003714
38479,116.316853,40.00367
38480,116.316856,40.003632
38481,116.31686,40.003589
38482,116.316881,40.003547
38483,116.316892,40.0035
38484,116.316899,40.003453
38485,116.316896,40.003407
38486,116.316902,40.003357
38487,116.316917,40.003314
38488,116.316931,40.00327
38489,116.316939,40.003232
38490,116.316948,40.003203
38491,116.316963,40.003169
38492,116.316975,40.003137
38493,116.316986,40.003104
38494,116.317001,40.003064
38495,116.317031,40.003037
38496,116.317068,40.003023
38497,116.317106,40.003017
38498,116.317132,40.003005
38500,116.317173,40.003008
38501,116.317207,40.003017
38502,116.317249,40.003035
38503,116.317287,40.003056
38504,116.317314,40.003067
38505,116.317352,40.003073
38506,116.317406,40.003072
38507,116.317433,40.00307
38508,116.317467,40.003059
38509,116.317504,40.00304
38510,116.317537,40.003025
38511,116.317574,40.003016
38512,116.317613,40.003013
38513,116.317651,40.003009
38514,116.317689,40.003013
38515,116.317724,40.003019
38516,116.317765,40.003038
38517,116.31781,40.00306
38518,116.317843,40.003069
38519,116.317881,40.003079
38521,116.317928,40.003104
38522,116.317944,40.003127
38523,116.31796,40.003153
38524,116.317959,40.003196
38525,116.317951,40.003234
38526,116.317947,40.003254
38527,116.317951,40.003284
38528,116.317961,40.00331
38529,116.317961,40.003342
38530,116.317961,40.003367
38531,116.31796,40.003392
38532,116.317962,40.003415
38534,116.317971,40.003453
38535,116.317962,40.003462
38545,116.317966,40.003463
38546,116.318033,40.003465
38547,116.318016,40.003484
38548,116.317983,40.003497
38563,116.317953,40.003495
38601,116.317791,40.003507
38604,116.317847,40.003514
38605,116.317988,40.003526
38607,116.318042,40.003538
38608,116.318047,40.003535
38621,116.318047,40.003535
38622,116.318099,40.003424
38624,116.318103,40.003383
38625,116.318094,40.00336
38626,116.318091,40.003336
38627,116.318083,40.003315
38628,116.318086,40.003286
38629,116.318088,40.003254
38631,116.318094,40.003201
38632,116.318103,40.00317
38633,116.318095,40.003144
38634,116.318088,40.003115
38635,116.318087,40.003085
38636,116.318071,40.003056
38637,116.318043,40.003026
38638,116.318024,40.00299
38639,116.317999,40.002947
38640,116.317979,40.002903
38641,116.317962,40.002866
38642,116.317944,40.002839
38643,116.317938,40.002813
38645,116.317941,40.002766
38647,116.31795,40.002728
38648,116.31796,40.002713
38650,116.317958,40.002677
38651,116.317954,40.002651
38652,116.317952,40.002629
38653,116.317964,40.002606
38654,116.317954,40.002583
38655,116.317937,40.002556
38657,116.317933,40.002511
38658,116.31795,40.002488
38659,116.317969,40.00246
38660,116.317974,40.002433
38661,116.317983,40.002405
38662,116.317984,40.002383
38664,116.317995,40.002351
38665,116.318001,40.002324
38666,116.318005,40.0023
38667,116.317996,40.002272
38668,116.317994,40.002236
38669,116.317995,40.002203
38670,116.31799,40.00217
38671,116.317992,40.00215
38673,116.318018,40.002123
38674,116.318044,40.002108
38675,116.318069,40.002085
38676,116.31808,40.002062
38677,116.318092,40.002036
38678,116.318118,40.002012
38679,116.318129,40.001989
38680,116.318138,40.001965
38681,116.318142,40.001939
38682,116.318143,40.001914
38683,116.318134,40.001891
38684,116.318124,40.001866
38685,116.318116,40.001837
38686,116.31811,40.001806
38687,116.318109,40.00178
38688,116.318109,40.001751
38689,116.318109,40.001721
38690,116.318109,40.001673
38691,116.31812,40.001639
38692,116.31813,40.001608
38693,116.318142,40.001572
38694,116.318155,40.001546
38695,116.318171,40.001511
38696,116.318183,40.001473
38697,116.318191,40.001438
38698,116.318196,40.001407
38699,116.318187,40.001373
38700,116.318179,40.001338
38701,116.318179,40.001303
38702,116.318167,40.001273
38703,116.318158,40.001248
38704,116.318154,40.001214
38706,116.318164,40.001178
38707,116.318162,40.001136
38708,116.318167,40.001083
38709,116.318173,40.001027
38710,116.318188,40.000994
38711,116.3182,40.000961
38712,116.318213,40.000928
38713,116.318227,40.000903
38715,116.318249,40.000861
38716,116.318268,40.000839
38717,116.318295,40.000817
38718,116.318305,40.000794
38720,116.318351,40.000774
38721,116.31839,40.000767
38722,116.318412,40.000745
38723,116.318433,40.000724
38724,116.318445,40.000687
38725,116.318449,40.000638
38726,116.318448,40.000585
38727,116.318447,40.000535
38728,116.318449,40.000495
38729,116.318447,40.000462
38730,116.318443,40.000433
38731,116.318447,40.000398
38732,116.318447,40.000362
38733,116.31844,40.000332
38734,116.318426,40.000309
38735,116.318415,40.000283
38736,116.318411,40.000248
38737,116.318413,40.000209
38738,116.318416,40.000174
38739,116.318427,40.000137
38740,116.318436,40.000094
38741,116.318434,40.00005
38742,116.318431,39.999992
38743,116.318433,39.999936
38744,116.318438,39.999896
38745,116.318445,39.999861
38746,116.318451,39.99983
38747,116.318457,39.999786
38748,116.318458,39.999753
38749,116.318464,39.999729
38750,116.318469,39.999697
38751,116.318463,39.999674
38753,116.318476,39.999633
38754,116.318488,39.999613
38755,116.318513,39.999598
38756,116.318538,39.999585
38757,116.318567,39.999576
38758,116.318596,39.999576
38760,116.318652,39.999584
38761,116.318682,39.999586
38762,116.318717,39.999589
38763,116.318749,39.999594
38764,116.318779,39.9996
38765,116.318815,39.999606
38766,116.318853,39.99961
38767,116.318886,39.999608
38768,116.318922,39.999604
38769,116.318959,39.9996
38770,116.319002,39.999604
38771,116.319042,39.9996
38772,116.319071,39.9996
38773,116.319116,39.9996
38774,116.31915,39.999606
38775,116.319182,39.999616
38776,116.319218,39.999622
38777,116.319252,39.999625
38778,116.319291,39.999634
38779,116.319326,39.99964
38781,116.319374,39.999628
38782,116.319404,39.999624
38783,116.319439,39.999629
38784,116.319481,39.999629
38785,116.319525,39.99963
38786,116.319571,39.99963
38787,116.319626,39.999646
38788,116.319676,39.999652
38789,116.319724,39.999662
38790,116.319768,39.999677
38791,116.319826,39.999674
38792,116.319885,39.999671
38793,116.31994,39.999671
38794,116.31999,39.999676
38795,116.320035,39.999683
38796,116.320071,39.999675
38797,116.320101,39.999666
38798,116.320138,39.999672
38799,116.320184,39.999677
38800,116.320226,39.999683
38801,116.320266,39.999681
38802,116.320306,39.999683
38803,116.320346,39.99969
38804,116.320385,39.999695
38805,116.320424,39.999698
38806,116.32046,39.999694
38807,116.320492,39.999691
38808,116.320531,39.999687
38809,116.320569,39.99969
38810,116.320605,39.999699
38811,116.320642,39.999714
38812,116.320671,39.999732
38813,116.320696,39.999746
38814,116.320733,39.999751
38815,116.320772,39.999755
38816,116.320812,39.999759
38817,116.320855,39.999756
38818,116.320895,39.999752
38819,116.320938,39.999754
38820,116.320984,39.999752
38821,116.32103,39.999752
38822,116.321079,39.999756
38823,116.321119,39.999759
38824,116.321148,39.999768
38825,116.32117,39.999777
38826,116.3212,39.999789
38827,116.321242,39.999797
38828,116.321289,39.999802
38829,116.321331,39.999808
38830,116.321372,39.999806
38831,116.321409,39.999806
38832,116.321444,39.999813
38833,116.32148,39.999818
38834,116.321525,39.999825
38835,116.321574,39.99982
38836,116.321622,39.99982
38837,116.321668,39.999821
38838,116.321709,39.999824
38839,116.321753,39.999815
38840,116.3218,39.99981
38841,116.32185,39.999809
38842,116.321904,39.999803
38843,116.321958,39.999794
38844,116.322008,39.999785
38845,116.32206,39.999775
38846,116.322109,39.999763
38847,116.322153,39.999757
38848,116.322205,39.999758
38849,116.322249,39.999767
38850,116.322292,39.999778
38851,116.322341,39.999786
38852,116.322389,39.999789
38853,116.322442,39.999805
38854,116.322481,39.999818
38855,116.322515,39.99983
38856,116.322552,39.999836
38857,116.322591,39.999847
38858,116.322629,39.999849
38859,116.322687,39.999856
38860,116.322736,39.999856
38861,116.322783,39.999859
38862,116.322833,39.999861
38863,116.32287,39.999863
38864,116.322912,39.999872
38865,116.322958,39.999881
38866,116.323007,39.999891
38867,116.323058,39.999896
38868,116.323109,39.999901
38869,116.323164,39.9999
38870,116.323211,39.999898
38871,116.323254,39.999888
38872,116.323299,39.999896
38873,116.323331,39.999897
38874,116.323366,39.999895
38875,116.3234,39.999895
38876,116.323437,39.999901
38877,116.323476,39.999905
38878,116.323516,39.999909
38879,116.323545,39.999913
38880,116.323582,39.999919
38881,116.323617,39.999927
38882,116.323655,39.999934
38883,116.323693,39.999939
38884,116.323733,39.999943
38891,116.324154,39.999837
38893,116.324149,39.999828
38894,116.324218,39.999838
38895,116.324255,39.999889
38896,116.324284,39.9999
38897,116.324313,39.999904
38898,116.324346,39.999907
38899,116.324374,39.999907
38900,116.324407,39.999914
38901,116.324443,39.999913
38902,116.324482,39.999914
38903,116.324522,39.999917
38904,116.324559,39.999919
38905,116.324595,39.999921
38906,116.324631,39.99993
38907,116.324666,39.999936
38908,116.324709,39.999938
38909,116.324748,39.999932
38910,116.324783,39.999929
38911,116.324821,39.999927
38912,116.324857,39.999937
38913,116.32489,39.999942
38914,116.324936,39.99995
38915,116.324992,39.999947
38916,116.325044,39.999943
38917,116.325093,39.999947
38918,116.325132,39.999943
38919,116.325168,39.999937
38920,116.325208,39.999931
38921,116.325249,39.999931
38922,116.325291,39.999928
38923,116.325328,39.999927
38924,116.325366,39.999927
38925,116.325406,39.999928
38926,116.325441,39.999932
38927,116.325471,39.999933
38928,116.325508,39.999934
38929,116.325542,39.999933
38930,116.325593,39.999929
38931,116.325641,39.999929
38932,116.325688,39.999931
38933,116.325731,39.99993
38934,116.325764,39.999933
38935,116.325796,39.999937
38936,116.325831,39.99994
38937,116.325863,39.999948
38938,116.325893,39.999956
38939,116.325926,39.999963
38940,116.325957,39.999974
38941,116.325984,39.999981
38942,116.326017,39.999982
38943,116.326053,39.999982
38944,116.326089,39.999983
38945,116.326126,39.999984
38946,116.326162,39.999982
38947,116.326199,39.999977
38948,116.326236,39.999975
38949,116.326272,39.99998
38950,116.326313,39.999987
38951,116.326354,39.999993
38952,116.326396,40.000005
38953,116.326432,40.000026
38954,116.326466,40.00005
38955,116.326508,40.000069
38956,116.326549,40.000086
38957,116.326591,40.000099
38958,116.32663,40.000112
38959,116.326674,40.000123
38960,116.326718,40.000128
38961,116.326762,40.000129
38962,116.326804,40.000132
38963,116.326844,40.000135
38964,116.326881,40.000138
38965,116.326919,40.000139
38966,116.326953,40.000139
38967,116.326981,40.000141
38969,116.327026,40.000138
38970,116.327045,40.000136
38972,116.327083,40.000142
38973,116.327122,40.000157
38975,116.327173,40.000157
38976,116.327192,40.000159
38978,116.32724,40.000157
38979,116.327263,40.000159
38980,116.32729,40.000159
38981,116.327324,40.000148
38983,116.327381,40.00014
38984,116.327413,40.000132
38985,116.327444,40.000123
38986,116.32748,40.00011
38987,116.327515,40.000108
38988,116.327549,40.000105
38989,116.327581,40.000104
38990,116.327608,40.000105
38991,116.327636,40.000104
38992,116.327666,40.000098
38993,116.327697,40.000089
38994,116.327725,40.000088
38995,116.327755,40.000084
38996,116.327785,40.000082
38997,116.327815,40.00008
38998,116.32785,40.000077
38999,116.327886,40.000074
39000,116.327917,40.000072
39001,116.327958,40.000071
39002,116.327992,40.000072
39003,116.328029,40.000072
39004,116.328061,40.000083
39015,116.328213,39.999563
39019,116.328213,39.999563
39020,116.328183,39.999497
39023,116.328155,39.999523
39024,116.328144,39.999534
39026,116.328126,39.999551
39027,116.328131,39.99958
39028,116.328142,39.999637
39039,116.32819,39.999644
39040,116.3282,39.999645
39042,116.328221,39.999656
39043,116.328229,39.999694
39046,116.328246,39.99973
39047,116.328257,39.999737
39052,116.328298,39.999751
39054,116.328299,39.999781
39062,116.328341,39.999754
39063,116.328355,39.999747
39068,116.3284,39.999732
39069,116.328413,39.999729
39076,116.328418,39.999718
41182,116.328255,39.999663
41183,116.328134,39.999708
41184,116.32804,39.999749
41185,116.327977,39.999773
41189,116.328018,39.999779
41190,116.328046,39.999762
41191,116.32808,39.999741
41192,116.328109,39.999727
41193,116.328151,39.999708
41194,116.328199,39.999683
41196,116.328234,39.999659
41197,116.328259,39.999659
53320,116.322066,39.999874
53321,116.322004,39.999942
53322,116.321879,40.000079
53323,116.321965,39.999903
53324,116.321975,39.999855
53325,116.321992,39.99994
53326,116.321956,40.00006
53327,116.321905,40.000157
53328,116.321893,40.000102
53330,116.321857,40.000104
53331,116.321778,40.000181
53332,116.321819,40.000194
53333,116.321902,40.000155
53334,116.321898,40.000286
53335,116.321934,40.000243
53336,116.321869,40.000378
53337,116.321792,40.000424
53338,116.321921,40.000415
53339,116.321942,40.000439
53340,116.322014,40.000436
53342,116.321992,40.000433
53343,116.321954,40.000477
53344,116.322016,40.000427
53345,116.32204,40.000394
53346,116.322154,40.000308
53348,116.322099,40.000324
53349,116.322113,40.000413
53350,116.322101,40.000308
53351,116.322037,40.000236
53352,116.321939,40.000254
53353,116.321882,40.00033
53354,116.321918,40.000464
53355,116.321927,40.000588
53356,116.322022,40.000639
53357,116.322041,40.00074
53358,116.321943,40.000762
53359,116.32193,40.000811
53360,116.321966,40.000811
53361,116.322001,40.000842
53362,116.321984,40.000839
53391,116.320431,40.012344
53392,116.320474,40.01235
53393,116.320565,40.012344
53394,116.320623,40.012382
53395,116.320644,40.012423
53396,116.320639,40.012476
53397,116.32064,40.012521
53398,116.320614,40.012583
53399,116.32058,40.012631
53400,116.32055,40.012702
53401,116.320541,40.012752
53402,116.320529,40.012802
53403,116.320526,40.012837
53404,116.320519,40.012869
53406,116.320504,40.012909
53407,116.320479,40.012917
53408,116.320452,40.012949
53409,116.320438,40.012979
53410,116.320439,40.013013
53411,116.320458,40.013039
53412,116.320512,40.013062
53413,116.32059,40.013091
53414,116.320636,40.013112
53415,116.320627,40.013162
53416,116.320652,40.013207
53418,116.320663,40.013245
53419,116.320638,40.013258
53421,116.320598,40.01329
53422,116.320586,40.013316
53423,116.320575,40.01335
53424,116.320558,40.013403
53425,116.320549,40.013474
53426,116.320554,40.013513
53427,116.320551,40.013547
53430,116.320513,40.013558
53431,116.320495,40.013573
53432,116.320476,40.013595
53433,116.320441,40.013644
53434,116.32041,40.013682
53435,116.320395,40.013709
53436,116.320379,40.013732
53437,116.320369,40.01377
53438,116.320361,40.013799
53439,116.320332,40.013828
53440,116.320309,40.013848
53441,116.320306,40.013873
53442,116.3203,40.013901
53443,116.32028,40.013936
53444,116.320266,40.013958
53445,116.320259,40.013984
53447,116.320259,40.01402
53448,116.320273,40.014045
53449,116.320274,40.014076
53450,116.32028,40.014117
53451,116.320293,40.014158
53452,116.320296,40.014191
53453,116.320301,40.014235
53454,116.320303,40.014278
53455,116.320306,40.01432
53456,116.320303,40.014362
53457,116.320292,40.014404
53458,116.320288,40.01444
53459,116.320272,40.014479
53460,116.320241,40.014526
53461,116.320225,40.014556
53462,116.320214,40.014582
53463,116.32021,40.014603
53464,116.320203,40.014629
53465,116.320186,40.01467
53466,116.320158,40.014706
53467,116.320129,40.014753
53468,116.320107,40.014794
53469,116.320088,40.014827
53470,116.32006,40.014856
53471,116.320021,40.014883
53472,116.319981,40.014903
53473,116.319966,40.014922
53475,116.31997,40.014947
53476,116.319962,40.014983
53478,116.319998,40.015012
53479,116.320019,40.015023
53481,116.320065,40.015043
53482,116.320066,40.015076
53483,116.320063,40.015108
53484,116.320047,40.01515
53485,116.320046,40.015183
53486,116.320035,40.015221
53487,116.320044,40.015251
53488,116.320036,40.015293
53489,116.320026,40.015327
53490,116.320029,40.015345
53491,116.320023,40.015364
53492,116.320012,40.015396
53493,116.320006,40.015423
53494,116.319998,40.01545
53495,116.320002,40.015479
53496,116.320009,40.015494
53497,116.320018,40.015515
53498,116.320038,40.015543
53499,116.320044,40.015567
53500,116.320035,40.015611
53501,116.32002,40.015668
53502,116.320028,40.015713
53503,116.320029,40.01575
53504,116.32003,40.015784
53505,116.320024,40.015822
53506,116.32001,40.015846
53508,116.319973,40.015862
53509,116.319945,40.015861
53511,116.319913,40.015884
53512,116.319917,40.015912
53513,116.319911,40.015942
53514,116.319906,40.015974
53515,116.319908,40.015997
53516,116.319929,40.016036
53517,116.319955,40.016074
53518,116.319977,40.016122
53519,116.319989,40.016168
53520,116.320006,40.016204
53521,116.320026,40.01624
53522,116.320052,40.016271
53523,116.320078,40.016308
53524,116.3201,40.01634
53525,116.320124,40.016384
53526,116.320146,40.016426
53527,116.32017,40.016457
53528,116.320191,40.016491
53529,116.320205,40.016526
53530,116.320219,40.016554
53531,116.320233,40.016589
53532,116.320243,40.016633
53533,116.320256,40.016674
53534,116.320271,40.016705
53535,116.320276,40.016741
53536,116.320276,40.016773
53537,116.320269,40.016799
53538,116.320251,40.016824
53539,116.32023,40.016853
53540,116.320198,40.016884
53541,116.320164,40.016913
53542,116.320139,40.016951
53543,116.32011,40.016972
53544,116.320083,40.017004
53546,116.320037,40.017015
53547,116.320017,40.017006
53549,116.319965,40.017023
53550,116.319945,40.017036
53551,116.319925,40.017056
53552,116.319907,40.017075
53553,116.319903,40.017106
53554,116.319899,40.017147
53555,116.319891,40.017175
53556,116.319876,40.017204
53557,116.319871,40.017237
53558,116.319871,40.017271
53559,116.319875,40.017305
53560,116.319873,40.017354
53561,116.31987,40.017393
53562,116.319882,40.017444
53563,116.319892,40.01748
53564,116.319894,40.017513
53565,116.319877,40.017554
53566,116.319866,40.017594
53567,116.319857,40.017621
53568,116.31984,40.01765
53570,116.31981,40.017687
53571,116.319781,40.017697
53572,116.319719,40.017731
53573,116.31969,40.017745
53574,116.319663,40.017773
53576,116.319622,40.017801
53577,116.319594,40.017811
53578,116.319564,40.017814
53579,116.31953,40.017824
53580,116.319497,40.017828
53581,116.319465,40.017834
53582,116.319435,40.017848
53583,116.319395,40.017864
53584,116.319354,40.017868
53585,116.319306,40.017883
53586,116.319255,40.017909
53587,116.319202,40.01793
53588,116.319149,40.017932
53589,116.319107,40.017923
53590,116.319061,40.017918
53591,116.319012,40.017921
53592,116.318956,40.017927
53593,116.318903,40.017936
53594,116.318852,40.017951
53595,116.318805,40.017951
53596,116.318756,40.017953
53597,116.318713,40.017946
53598,116.318686,40.017927
53599,116.318631,40.017931
53600,116.318581,40.017953
53601,116.318528,40.017959
53602,116.318481,40.017953
53603,116.318438,40.017952
53604,116.318396,40.017945
53605,116.31836,40.017927
53606,116.318319,40.017921
53607,116.318278,40.017915
53608,116.318243,40.017906
53609,116.318186,40.017901
53610,116.31815,40.017881
53611,116.318098,40.017873
53612,116.318054,40.017866
53613,116.318003,40.017868
53614,116.317963,40.01788
53615,116.3179,40.017887
53616,116.317853,40.017883
53617,116.31782,40.017885
53618,116.317788,40.01789
53619,116.31776,40.0179
53621,116.317712,40.017883
53622,116.3177,40.017859
53623,116.31768,40.017838
53624,116.317654,40.017823
53626,116.317622,40.017829
53627,116.317608,40.017862
53628,116.317592,40.017912
53629,116.31758,40.017942
53630,116.31755,40.017964
53631,116.317534,40.01798
53632,116.317508,40.018003
53633,116.31747,40.017994
53634,116.317434,40.018006
53638,116.317419,40.017979
53639,116.317422,40.017956
53640,116.317427,40.017927
53641,116.317432,40.0179
53642,116.317445,40.017869
53643,116.317442,40.017847
53660,116.317421,40.017819
53661,116.317411,40.017806
53679,116.317417,40.01782
53680,116.317432,40.017863
53681,116.317433,40.017892
53682,116.317392,40.018011
53683,116.317376,40.01805
53684,116.317357,40.018076
53685,116.317337,40.018125
53687,116.317322,40.018156
53688,116.3173,40.018197
53690,116.317274,40.018232
53691,116.317267,40.018243
53696,116.317296,40.018277
53697,116.317292,40.018309
53699,116.317283,40.018343
53700,116.317282,40.018356
53704,116.317269,40.018335
53705,116.317172,40.018355
53706,116.317131,40.018363
53707,116.317099,40.018371
53708,116.317156,40.018381
53709,116.317183,40.018393
53710,116.317218,40.018382
53711,116.317232,40.018381
53712,116.317267,40.018356
53714,116.317271,40.018312
53715,116.31727,40.018292
53716,116.317279,40.018262
53717,116.317262,40.018236
53718,116.317262,40.018206
